3.062524000000000000e+06,2.666056883023436512e+03
3.062664000000000000e+06,2.614611777690583949e+03
3.062812000000000000e+06,2.575243892637378394e+03
3.062956000000000000e+06,2.532303714480761755e+03
3.063096000000000000e+06,2.501434438170736939e+03
3.063232000000000000e+06,2.485772422474321047e+03
3.063372000000000000e+06,2.447566418070050076e+03
3.063628000000000000e+06,2.416525439763681334e+03
3.064564000000000000e+06,2.399292952656734087e+03
3.065500000000000000e+06,2.384324052316602319e+03
3.066432000000000000e+06,2.333919161799963149e+03
3.067368000000000000e+06,2.293074664880295586e+03
3.068304000000000000e+06,2.232726166238895985e+03
3.069240000000000000e+06,2.204501647483356010e+03
3.070172000000000000e+06,2.156771517612492516e+03
3.071108000000000000e+06,2.129356224782788104e+03
3.072044000000000000e+06,2.084584009254675948e+03
3.072980000000000000e+06,2.027805357489773769e+03
3.073912000000000000e+06,1.980924572320704783e+03
3.074848000000000000e+06,1.939775052013241520e+03
3.075784000000000000e+06,1.882926845331744062e+03
3.076720000000000000e+06,1.834039459496799054e+03
3.077652000000000000e+06,1.787786954009350893e+03
3.078588000000000000e+06,1.732196724697945683e+03
3.079524000000000000e+06,1.679604084408159679e+03
3.080460000000000000e+06,1.597948022808934866e+03
3.081392000000000000e+06,1.536171024805169964e+03
3.082328000000000000e+06,1.482618354010030089e+03
3.083268000000000000e+06,1.404328910501483506e+03
3.084200000000000000e+06,1.366750744458093550e+03
3.085132000000000000e+06,1.287295351556555715e+03
3.086068000000000000e+06,1.204519571658524001e+03
3.087004000000000000e+06,1.144273975595581533e+03
3.087940000000000000e+06,1.091702327319036613e+03
3.088872000000000000e+06,1.023606939080856250e+03
3.089808000000000000e+06,9.549915408089768789e+02
3.090744000000000000e+06,9.160830999845443330e+02
3.091680000000000000e+06,8.592281210048307685e+02
3.092612000000000000e+06,7.737693477462959208e+02
3.093548000000000000e+06,7.362905077785127332e+02
3.094484000000000000e+06,6.842761949319308314e+02
3.095420000000000000e+06,6.443823299438128061e+02
3.096352000000000000e+06,5.793037180605713274e+02
3.097288000000000000e+06,5.520476229968397774e+02
3.098224000000000000e+06,4.899560890928225376e+02
3.099160000000000000e+06,4.387053843849889745e+02
3.100092000000000000e+06,3.832609892477489097e+02
3.101028000000000000e+06,3.595387088956804291e+02
3.101964000000000000e+06,3.383717160680923826e+02
3.102900000000000000e+06,2.996482187709137861e+02
3.103832000000000000e+06,2.444395655086313468e+02
3.104776000000000000e+06,2.094370691472027488e+02
3.105704000000000000e+06,1.863386246756740547e+02
3.106640000000000000e+06,1.609640873589703176e+02
3.107572000000000000e+06,1.116980928482408331e+02
3.108508000000000000e+06,1.019757312114149101e+02
3.109444000000000000e+06,8.538671319946300287e+01
3.110380000000000000e+06,3.875182584159959021e+01
3.111312000000000000e+06,6.406558012347852937e+00
3.112248000000000000e+06,-1.924393878568402982e+01
3.113184000000000000e+06,-4.820672350268230133e+01
3.114120000000000000e+06,-9.946218107560191868e+01
3.115052000000000000e+06,-1.298286448600173912e+02
3.115988000000000000e+06,-1.155482237752166412e+02
3.116924000000000000e+06,-1.712069196147618015e+02
3.117860000000000000e+06,-1.917042051625103340e+02
3.118792000000000000e+06,-2.154658474565681274e+02
3.119728000000000000e+06,-2.340053647799214502e+02
3.120664000000000000e+06,-2.889075861090399258e+02
3.121600000000000000e+06,-3.234988328438735152e+02
3.122532000000000000e+06,-3.357580638142046610e+02
3.123468000000000000e+06,-3.717550544900879004e+02
3.124404000000000000e+06,-3.974669880505769584e+02
3.125340000000000000e+06,-4.326612761012571582e+02
3.126280000000000000e+06,-4.544793641851141501e+02
3.127208000000000000e+06,-4.879921630136390149e+02
3.128144000000000000e+06,-5.118130964039874016e+02
3.129080000000000000e+06,-5.430864309892824622e+02
3.130012000000000000e+06,-5.652922575291653402e+02
3.130948000000000000e+06,-5.872928068171607947e+02
3.131884000000000000e+06,-6.304680759255261364e+02
3.132820000000000000e+06,-6.543634925140097494e+02
3.133752000000000000e+06,-6.773784154490496121e+02
3.134688000000000000e+06,-6.996645750077163939e+02
3.135624000000000000e+06,-7.164077221877338388e+02
3.136560000000000000e+06,-7.522402520450182237e+02
3.137492000000000000e+06,-8.115048533286181964e+02
3.138428000000000000e+06,-8.388803092339392151e+02
3.139364000000000000e+06,-8.847182793442669890e+02
3.140300000000000000e+06,-8.923619429610674842e+02
3.141232000000000000e+06,-9.069544801969695982e+02
3.142168000000000000e+06,-9.086282985938341881e+02
3.143104000000000000e+06,-9.441047459178481631e+02
3.144040000000000000e+06,-9.858711767963864077e+02
3.144972000000000000e+06,-1.013248833154942417e+03
3.145908000000000000e+06,-1.023200737537137002e+03
3.146844000000000000e+06,-1.033539170203883941e+03
3.147784000000000000e+06,-1.088712934209655714e+03
3.148712000000000000e+06,-1.096647671083371279e+03
3.149648000000000000e+06,-1.128882286595221785e+03
3.150584000000000000e+06,-1.138669774609117894e+03
3.151520000000000000e+06,-1.169373406558704801e+03
3.152452000000000000e+06,-1.177476048257974753e+03
3.153388000000000000e+06,-1.187065517388472472e+03
3.154324000000000000e+06,-1.189551894929217724e+03
3.155260000000000000e+06,-1.191379785778708310e+03
3.156192000000000000e+06,-1.202655019048424947e+03
3.157128000000000000e+06,-1.204962190818519275e+03
3.158064000000000000e+06,-1.235573054223072404e+03
3.159000000000000000e+06,-1.231523062981332941e+03
3.159932000000000000e+06,-1.252426181387391352e+03
3.160868000000000000e+06,-1.238074598174968742e+03
3.161804000000000000e+06,-1.242810304528992901e+03
3.162740000000000000e+06,-1.263134989470963546e+03
3.163672000000000000e+06,-1.250171637273156875e+03
3.164608000000000000e+06,-1.229397951777046046e+03
3.165544000000000000e+06,-1.226762651403970494e+03
3.166480000000000000e+06,-1.233959352625525298e+03
3.167412000000000000e+06,-1.224099826619534042e+03
3.168348000000000000e+06,-1.218066576267985283e+03
3.169288000000000000e+06,-1.219271899254268192e+03
3.170220000000000000e+06,-1.244702680306224693e+03
3.171152000000000000e+06,-1.218862234463315190e+03
3.172088000000000000e+06,-1.195648196025160360e+03
3.173024000000000000e+06,-1.189869556612722590e+03
3.173960000000000000e+06,-1.188097978670464272e+03
3.174892000000000000e+06,-1.188883882752329782e+03
3.175828000000000000e+06,-1.189481358170148951e+03
3.176764000000000000e+06,-1.197424396802834281e+03
3.177700000000000000e+06,-1.170543557721678326e+03
3.178632000000000000e+06,-1.143184686391800597e+03
3.179568000000000000e+06,-1.118461362741128141e+03
3.180504000000000000e+06,-1.127092505024322463e+03
3.181440000000000000e+06,-1.137323495366926863e+03
3.182372000000000000e+06,-1.137913766747651835e+03
3.183308000000000000e+06,-1.115834490937532792e+03
3.184244000000000000e+06,-1.101539206480046460e+03
3.185180000000000000e+06,-1.103960199030217154e+03
3.186112000000000000e+06,-1.134578283770392090e+03
3.187048000000000000e+06,-1.129227496543990128e+03
3.187984000000000000e+06,-1.135997370708123981e+03
3.188920000000000000e+06,-1.122467622105406690e+03
3.189852000000000000e+06,-1.099699015351413891e+03
3.190796000000000000e+06,-1.137616701128180466e+03
3.191724000000000000e+06,-1.148545308104205105e+03
3.192660000000000000e+06,-1.124101454314826697e+03
3.193592000000000000e+06,-1.164108143354143067e+03
3.194528000000000000e+06,-1.169562471393806391e+03
3.195464000000000000e+06,-1.163659487387944637e+03
3.196400000000000000e+06,-1.171336506813216147e+03
3.197332000000000000e+06,-1.212001182839590228e+03
3.198268000000000000e+06,-1.211953005280199022e+03
3.199204000000000000e+06,-1.243608174196115669e+03
3.200140000000000000e+06,-1.221302723118006497e+03
3.201072000000000000e+06,-1.260520969276447886e+03
3.202008000000000000e+06,-1.267281238272681321e+03
3.202944000000000000e+06,-1.313711925272817325e+03
3.203880000000000000e+06,-1.304776168281964829e+03
3.204812000000000000e+06,-1.345039587822016074e+03
3.205748000000000000e+06,-1.379752286869804266e+03
3.206684000000000000e+06,-1.368645075582785012e+03
3.207620000000000000e+06,-1.405791296739239897e+03
3.208552000000000000e+06,-1.403639778014262674e+03
3.209488000000000000e+06,-1.437689563930001668e+03
3.210424000000000000e+06,-1.450008884575299362e+03
3.211360000000000000e+06,-1.475253750450059215e+03
3.212300000000000000e+06,-1.505014837891333627e+03
3.213228000000000000e+06,-1.531843484939188329e+03
3.214164000000000000e+06,-1.536688229357930368e+03
3.215100000000000000e+06,-1.565985037238474888e+03
3.216032000000000000e+06,-1.584774182418932014e+03
3.216968000000000000e+06,-1.589279155266250200e+03
3.217904000000000000e+06,-1.589130512786433201e+03
3.218840000000000000e+06,-1.613528528029516792e+03
3.219772000000000000e+06,-1.624289265571279429e+03
3.220708000000000000e+06,-1.644021321059629827e+03
3.221644000000000000e+06,-1.662147005045369951e+03
3.222580000000000000e+06,-1.665844526451261572e+03
3.223512000000000000e+06,-1.668108500409812450e+03
3.224448000000000000e+06,-1.670890293025093570e+03
3.225384000000000000e+06,-1.675099812070396865e+03
3.226320000000000000e+06,-1.670554737725638233e+03
3.227252000000000000e+06,-1.686066377889636215e+03
3.228188000000000000e+06,-1.673964196442304001e+03
3.229124000000000000e+06,-1.656793306750995725e+03
3.230060000000000000e+06,-1.660989674851262635e+03
3.230992000000000000e+06,-1.651014468081994437e+03
3.231928000000000000e+06,-1.652723380615468614e+03
3.232864000000000000e+06,-1.636875787619216226e+03
3.233804000000000000e+06,-1.620766263971276430e+03
3.234732000000000000e+06,-1.579410726670148506e+03
3.235668000000000000e+06,-1.584157435563847457e+03
3.236604000000000000e+06,-1.555128218345802679e+03
3.237540000000000000e+06,-1.554797706574159974e+03
3.238472000000000000e+06,-1.544382815085993343e+03
3.239408000000000000e+06,-1.523023746336432851e+03
3.240344000000000000e+06,-1.507429254659313983e+03
3.241280000000000000e+06,-1.509556057601280145e+03
3.242212000000000000e+06,-1.449700644750685342e+03
3.243148000000000000e+06,-1.432081726633865856e+03
3.244084000000000000e+06,-1.434724649185339786e+03
3.245020000000000000e+06,-1.409215146809813632e+03
3.245952000000000000e+06,-1.395323063823002713e+03
3.246888000000000000e+06,-1.373807957037809274e+03
3.247824000000000000e+06,-1.352948276618022192e+03
3.248760000000000000e+06,-1.342314706361168192e+03
3.249692000000000000e+06,-1.329693003912573431e+03
3.250628000000000000e+06,-1.281180310946856935e+03
3.251564000000000000e+06,-1.257630942126153741e+03
3.252500000000000000e+06,-1.237234382953290151e+03
3.253432000000000000e+06,-1.249905799943888042e+03
3.254368000000000000e+06,-1.231096673321943399e+03
3.255308000000000000e+06,-1.202891052342947205e+03
3.256240000000000000e+06,-1.165106812197142517e+03
3.257172000000000000e+06,-1.175481401307389433e+03
3.258108000000000000e+06,-1.151542597134482094e+03
3.259044000000000000e+06,-1.102622550063467770e+03
3.259980000000000000e+06,-1.077157822684246185e+03
3.260912000000000000e+06,-1.084748400273829702e+03
3.261848000000000000e+06,-1.058676655275337225e+03
3.262784000000000000e+06,-1.018147363260976590e+03
3.263720000000000000e+06,-9.970172548981214504e+02
3.264652000000000000e+06,-9.738262988874331541e+02
3.265588000000000000e+06,-9.418524208623358618e+02
3.266524000000000000e+06,-9.006752114635468160e+02
3.267460000000000000e+06,-8.807950849189528526e+02
3.268392000000000000e+06,-8.281998255356108984e+02
3.269328000000000000e+06,-7.786849705257334335e+02
3.270264000000000000e+06,-8.027150147379121563e+02
3.271200000000000000e+06,-7.472091320861738950e+02
3.272132000000000000e+06,-7.181438128308261639e+02
3.273068000000000000e+06,-7.164843386272557382e+02
3.274004000000000000e+06,-6.769068143681712399e+02
3.274940000000000000e+06,-6.272092342846941619e+02
3.275872000000000000e+06,-6.136144683008683387e+02
3.276816000000000000e+06,-5.904355801525620109e+02
3.277744000000000000e+06,-5.611380424775128404e+02
3.278680000000000000e+06,-5.287548929057451232e+02
3.280548000000000000e+06,-4.760332989213197266e+02
3.281484000000000000e+06,-4.627225627206846639e+02
3.282420000000000000e+06,-4.445937374651437608e+02
3.283352000000000000e+06,-4.202059997933861268e+02
3.284288000000000000e+06,-3.899503255440713474e+02
3.285224000000000000e+06,-3.836516477321215461e+02
3.286160000000000000e+06,-3.651021569600100634e+02
3.287092000000000000e+06,-3.337019016714336317e+02
3.288028000000000000e+06,-3.350156540010576691e+02
3.288964000000000000e+06,-2.949412185887155715e+02
3.289900000000000000e+06,-2.810833008634352268e+02
3.290832000000000000e+06,-2.899013363019582812e+02
3.291768000000000000e+06,-2.564980081127682183e+02
3.292704000000000000e+06,-2.522312080436229280e+02
3.293640000000000000e+06,-2.110344772429991735e+02
3.294572000000000000e+06,-1.791094579164282266e+02
3.295508000000000000e+06,-1.654209463065434420e+02
3.296444000000000000e+06,-1.571477745580102408e+02
3.297380000000000000e+06,-1.384153737429644764e+02
3.298320000000000000e+06,-1.014720823014303477e+02
3.299248000000000000e+06,-9.647790693763454328e+01
3.300184000000000000e+06,-6.309410543667694071e+01
3.301120000000000000e+06,1.322896400884109447e+01
3.302052000000000000e+06,4.942714229392694669e+00
3.302988000000000000e+06,4.830577677430883199e+01
3.303924000000000000e+06,8.923399102393069882e+01
3.304860000000000000e+06,1.027835562707474253e+02
3.305792000000000000e+06,1.428345646103034881e+02
3.306728000000000000e+06,1.497643081642265770e+02
3.307664000000000000e+06,1.681584527680124381e+02
3.308600000000000000e+06,2.179665832585928342e+02
3.309532000000000000e+06,2.845439102100037303e+02
3.310468000000000000e+06,3.051926054750857134e+02
3.311404000000000000e+06,3.200841451376855957e+02
3.312340000000000000e+06,3.370766386353133157e+02
3.313272000000000000e+06,3.927509748301051786e+02
3.314208000000000000e+06,4.065196790656322037e+02
3.315144000000000000e+06,4.229734501024274209e+02
3.316080000000000000e+06,4.521530289059850816e+02
3.317012000000000000e+06,4.902231905296671925e+02
3.317948000000000000e+06,5.267893925996443159e+02
3.318884000000000000e+06,5.479862420297688459e+02
3.319824000000000000e+06,5.453251418180020664e+02
3.320752000000000000e+06,5.776207882282038781e+02
3.321688000000000000e+06,5.973498327659090137e+02
3.322624000000000000e+06,5.768229174243715534e+02
3.323560000000000000e+06,5.831449209444139115e+02
3.324492000000000000e+06,6.096683828647900327e+02
3.325428000000000000e+06,6.273346179792620205e+02
3.326364000000000000e+06,6.336769804335632443e+02
3.327300000000000000e+06,6.166384391705157668e+02
3.328232000000000000e+06,6.202432427863363955e+02
3.329168000000000000e+06,6.304252964141325037e+02
3.330104000000000000e+06,6.474525229193174027e+02
3.331040000000000000e+06,6.418116597044306673e+02
3.331972000000000000e+06,6.300591375120495741e+02
3.332908000000000000e+06,6.130940658943144399e+02
3.333844000000000000e+06,6.170422739215518959e+02
3.334780000000000000e+06,6.355342841973921395e+02
3.335712000000000000e+06,6.467582637326510167e+02
3.336648000000000000e+06,6.174730214117249716e+02
3.337584000000000000e+06,6.279546482328980801e+02
3.338520000000000000e+06,6.250852257879495255e+02
3.339452000000000000e+06,6.681919471281383949e+02
3.340388000000000000e+06,6.353454710030902106e+02
3.341328000000000000e+06,6.426533628891520493e+02
3.342260000000000000e+06,6.564233461778111405e+02
3.343192000000000000e+06,6.599894803057959507e+02
3.344128000000000000e+06,6.698845977559653875e+02
3.346000000000000000e+06,6.928076004212650787e+02
3.346932000000000000e+06,6.997539671065005678e+02
3.347868000000000000e+06,7.045985486021031647e+02
3.348804000000000000e+06,7.096169075820118906e+02
3.349740000000000000e+06,7.340823077756964494e+02
3.350672000000000000e+06,7.230208139751408680e+02
3.351608000000000000e+06,7.329823298461110426e+02
3.352544000000000000e+06,7.545663284090062461e+02
3.353480000000000000e+06,7.541336212790412219e+02
3.354412000000000000e+06,7.635654900654194535e+02
3.355348000000000000e+06,8.072419863875842339e+02
3.356284000000000000e+06,8.261396191478398805e+02
3.357220000000000000e+06,8.273046883949511994e+02
3.358152000000000000e+06,8.315744175354867593e+02
3.359088000000000000e+06,8.624079365841369054e+02
3.360024000000000000e+06,8.860494030164632022e+02
3.360960000000000000e+06,8.926627612202997852e+02
3.361892000000000000e+06,9.006453888184518064e+02
3.362836000000000000e+06,9.277249128656815174e+02
3.363764000000000000e+06,9.389256445304089311e+02
3.364700000000000000e+06,9.402088504914293026e+02
3.365632000000000000e+06,9.373352768674753861e+02
3.366568000000000000e+06,9.319622133021089212e+02
3.367504000000000000e+06,9.421892607434581350e+02
3.368440000000000000e+06,9.565991352549016256e+02
3.369372000000000000e+06,9.332412999763758990e+02
3.370308000000000000e+06,9.416290112021290497e+02
3.371244000000000000e+06,9.448561769996161956e+02
3.372180000000000000e+06,9.374964570672123045e+02
3.373112000000000000e+06,9.326471324981625912e+02
3.374048000000000000e+06,9.368976436229062301e+02
3.374984000000000000e+06,9.387335263390917817e+02
3.375920000000000000e+06,9.609489453977120093e+02
3.376852000000000000e+06,9.596391126545981933e+02
3.377788000000000000e+06,9.607839568913046833e+02
3.378724000000000000e+06,9.710595984272580381e+02
3.379660000000000000e+06,9.931953314475547359e+02
3.380592000000000000e+06,9.598063946838423135e+02
3.381528000000000000e+06,9.718370745775913520e+02
3.382464000000000000e+06,9.618465934983936449e+02
3.383400000000000000e+06,9.762097127496679150e+02
3.384340000000000000e+06,9.830188365290877073e+02
3.385268000000000000e+06,9.981346567833185190e+02
3.386204000000000000e+06,1.008045065546667161e+03
3.387140000000000000e+06,1.024045479247648473e+03
3.388072000000000000e+06,1.031364715764218090e+03
3.389008000000000000e+06,1.050854472070336669e+03
3.389944000000000000e+06,1.069397734924808219e+03
3.390880000000000000e+06,1.063249169704586393e+03
3.391812000000000000e+06,1.068313761377135734e+03
3.392748000000000000e+06,1.083437149564433867e+03
3.393684000000000000e+06,1.097180492252257409e+03
3.394620000000000000e+06,1.147593487689078529e+03
3.395552000000000000e+06,1.168761770613402859e+03
3.396488000000000000e+06,1.182557386961607563e+03
3.397424000000000000e+06,1.209357426984528274e+03
3.398360000000000000e+06,1.238808965017464743e+03
3.399292000000000000e+06,1.255738942041626615e+03
3.400228000000000000e+06,1.253255915026624734e+03
3.401164000000000000e+06,1.294681798240970920e+03
3.402100000000000000e+06,1.312457839205166692e+03
3.403032000000000000e+06,1.308565159271200400e+03
3.403968000000000000e+06,1.331401544538389771e+03
3.404904000000000000e+06,1.362536443994511501e+03
3.405844000000000000e+06,1.371468931309493428e+03
3.406772000000000000e+06,1.353484339717956345e+03
3.407708000000000000e+06,1.349458480415380336e+03
3.408644000000000000e+06,1.362129427913017025e+03
3.409580000000000000e+06,1.356968882206543185e+03
3.411448000000000000e+06,1.373126061520832081e+03
3.412384000000000000e+06,1.389361072215164313e+03
3.413320000000000000e+06,1.373659747277478573e+03
3.414252000000000000e+06,1.375276687112634818e+03
3.415188000000000000e+06,1.341402798801427480e+03
3.416124000000000000e+06,1.333913518370078464e+03
3.417060000000000000e+06,1.294320881337167293e+03
3.417992000000000000e+06,1.299435828430901211e+03
3.418928000000000000e+06,1.297612965339906850e+03
3.419864000000000000e+06,1.277162446535787012e+03
3.420800000000000000e+06,1.258095220675046676e+03
3.421732000000000000e+06,1.232516668120402301e+03
3.422668000000000000e+06,1.222169917631276348e+03
3.423604000000000000e+06,1.219893079183643977e+03
3.424540000000000000e+06,1.205425200725204604e+03
3.425472000000000000e+06,1.193230417276156913e+03
3.426408000000000000e+06,1.208212443906831140e+03
3.427348000000000000e+06,1.183428451123590776e+03
3.428280000000000000e+06,1.192316425623677787e+03
3.429212000000000000e+06,1.189750815310678036e+03
3.430148000000000000e+06,1.154563549391639071e+03
3.431084000000000000e+06,1.143485785075904232e+03
3.432020000000000000e+06,1.169233029902140970e+03
3.432952000000000000e+06,1.143695113787922082e+03
3.433888000000000000e+06,1.143467952014141929e+03
3.434824000000000000e+06,1.145461100245662465e+03
3.435760000000000000e+06,1.164528797298500422e+03
3.436692000000000000e+06,1.161717756354306175e+03
3.437628000000000000e+06,1.150028785040862658e+03
3.438564000000000000e+06,1.167202702484623615e+03
3.439500000000000000e+06,1.139921043153785604e+03
3.440432000000000000e+06,1.165392451268139894e+03
3.441368000000000000e+06,1.168695149227188267e+03
3.442304000000000000e+06,1.189945121134721376e+03
3.443240000000000000e+06,1.183006664892779099e+03
3.444172000000000000e+06,1.197337096470198730e+03
3.445108000000000000e+06,1.195591315178190371e+03
3.446044000000000000e+06,1.207201949269641773e+03
3.446980000000000000e+06,1.203251229431111597e+03
3.447912000000000000e+06,1.175026909313720807e+03
3.448852000000000000e+06,1.193149417316808695e+03
3.449784000000000000e+06,1.189738118730855604e+03
3.450720000000000000e+06,1.188348367288765985e+03
3.451652000000000000e+06,1.168571513256008302e+03
3.452588000000000000e+06,1.177243325132133805e+03
3.453524000000000000e+06,1.193346770152524641e+03
3.454460000000000000e+06,1.186692107480753293e+03
3.455392000000000000e+06,1.166352324187821978e+03
3.456328000000000000e+06,1.143780707877449686e+03
3.457264000000000000e+06,1.140786866018871478e+03
3.458200000000000000e+06,1.128355672418453651e+03
3.459132000000000000e+06,1.108444281396388533e+03
3.460068000000000000e+06,1.120877083413502987e+03
3.461004000000000000e+06,1.109746166556396247e+03
3.461940000000000000e+06,1.083195863629964151e+03
3.462872000000000000e+06,1.062191816501486301e+03
3.463808000000000000e+06,1.064404773386353099e+03
3.464744000000000000e+06,1.032490829688752001e+03
3.465680000000000000e+06,1.023218459077469902e+03
3.466612000000000000e+06,1.014310278334202280e+03
3.467548000000000000e+06,1.001460461237851632e+03
3.468484000000000000e+06,1.005241300546543016e+03
3.469420000000000000e+06,1.006420051059529214e+03
3.470356000000000000e+06,9.732930951356062224e+02
3.471288000000000000e+06,9.871323732968104423e+02
3.472224000000000000e+06,9.637038067013658065e+02
3.473160000000000000e+06,9.425395846851426995e+02
3.474092000000000000e+06,9.634801937860530643e+02
3.475028000000000000e+06,9.637160066674575774e+02
3.475964000000000000e+06,9.679354722012425327e+02
3.476900000000000000e+06,9.761953522106172159e+02
3.477832000000000000e+06,9.739959406894697622e+02
3.478768000000000000e+06,9.788133480791609600e+02
3.479704000000000000e+06,9.778879396363939804e+02
3.480640000000000000e+06,9.704349896514465854e+02
3.481572000000000000e+06,1.016238253289578211e+03
3.482508000000000000e+06,1.031626210945976254e+03
3.483444000000000000e+06,1.027308363601795918e+03
3.484380000000000000e+06,1.018497689443510808e+03
3.485312000000000000e+06,1.031218221496840442e+03
3.486248000000000000e+06,1.037150966166721446e+03
3.487184000000000000e+06,1.079246304918216083e+03
3.488120000000000000e+06,1.078360238364446332e+03
3.489052000000000000e+06,1.056563080905038760e+03
3.489988000000000000e+06,1.057694385372722763e+03
3.490924000000000000e+06,1.058955314727672658e+03
3.491860000000000000e+06,1.033725108444019952e+03
3.492792000000000000e+06,1.023427626532451086e+03
3.493728000000000000e+06,1.028540345180465692e+03
3.494664000000000000e+06,1.013455456299858497e+03
3.495600000000000000e+06,1.013031786016015303e+03
3.496532000000000000e+06,9.999133835826114591e+02
3.497468000000000000e+06,9.831187045249257608e+02
3.498404000000000000e+06,9.803671624134514104e+02
3.499340000000000000e+06,9.847728961090235771e+02
3.500272000000000000e+06,9.606885079492358273e+02
3.501208000000000000e+06,9.327824203991514196e+02
3.502144000000000000e+06,9.163451898070352399e+02
3.503080000000000000e+06,9.157546856401614832e+02
3.504012000000000000e+06,8.975682535437326806e+02
3.504948000000000000e+06,8.927840771900131358e+02
3.505884000000000000e+06,8.514002278654805878e+02
3.506820000000000000e+06,8.386180978333567282e+02
3.507752000000000000e+06,8.248784474456358566e+02
3.508688000000000000e+06,8.218309577127836292e+02
3.509624000000000000e+06,8.527618695093723318e+02
3.510560000000000000e+06,7.988033355350497686e+02
3.511492000000000000e+06,8.032590443660222945e+02
3.512428000000000000e+06,8.149909726849585923e+02
3.513364000000000000e+06,8.201846596473615136e+02
3.514300000000000000e+06,7.928799772436358353e+02
3.515232000000000000e+06,7.961482074321090749e+02
3.516168000000000000e+06,7.806858319031119890e+02
3.517104000000000000e+06,7.693683465119262337e+02
3.518040000000000000e+06,7.662893159713000841e+02
3.518972000000000000e+06,7.875264922611828524e+02
3.519908000000000000e+06,8.015259474408343294e+02
3.520844000000000000e+06,7.562846948711526238e+02
3.521780000000000000e+06,7.713221281266014557e+02
3.522712000000000000e+06,7.654442651490024900e+02
3.523648000000000000e+06,7.622174824518598371e+02
3.524584000000000000e+06,7.585363583651109138e+02
3.525520000000000000e+06,7.522675496793049206e+02
3.526452000000000000e+06,7.510217499603554643e+02
3.527388000000000000e+06,7.583041672197185790e+02
3.528324000000000000e+06,7.779985526279582473e+02
3.529260000000000000e+06,7.687565652388203716e+02
3.530192000000000000e+06,7.447669355540585912e+02
3.531128000000000000e+06,7.682505086100175049e+02
3.532064000000000000e+06,7.598513795183273487e+02
3.533000000000000000e+06,7.632088820845115151e+02
3.533932000000000000e+06,7.994537336968105592e+02
3.534868000000000000e+06,7.996882526426711593e+02
3.535804000000000000e+06,8.328354974678589997e+02
3.536740000000000000e+06,8.524879226541347634e+02
3.537672000000000000e+06,8.595145256986436380e+02
3.538608000000000000e+06,8.680910295770033827e+02
3.539544000000000000e+06,8.701696823592824330e+02
3.540480000000000000e+06,9.305408964130270988e+02
3.541412000000000000e+06,9.425698583589883128e+02
3.542348000000000000e+06,9.706286040927664089e+02
3.543284000000000000e+06,9.787469202197776212e+02
3.544220000000000000e+06,9.915333316052337977e+02
3.545152000000000000e+06,1.023111494294702652e+03
3.546088000000000000e+06,1.039740063521213642e+03
3.547024000000000000e+06,1.068832955527690956e+03
3.547960000000000000e+06,1.065489208668479023e+03
3.548892000000000000e+06,1.077626008568847965e+03
3.549828000000000000e+06,1.095625015646279053e+03
3.550764000000000000e+06,1.109578715724799167e+03
3.551700000000000000e+06,1.106168715387875864e+03
3.552632000000000000e+06,1.116652017380192092e+03
3.553568000000000000e+06,1.107167330287731602e+03
3.554504000000000000e+06,1.124724518555887471e+03
3.555440000000000000e+06,1.127925225334970264e+03
3.556372000000000000e+06,1.115835638894350495e+03
3.557308000000000000e+06,1.085665354890339358e+03
3.558244000000000000e+06,1.085198083708977265e+03
3.559180000000000000e+06,1.078475082258756402e+03
3.560112000000000000e+06,1.079337363398119578e+03
3.561048000000000000e+06,1.059599195505468970e+03
3.561984000000000000e+06,1.057840396634143417e+03
3.562920000000000000e+06,1.068730714791716764e+03
3.563852000000000000e+06,1.056544154668032206e+03
3.564788000000000000e+06,1.057537183749099995e+03
3.565724000000000000e+06,1.053182684906609666e+03
3.566660000000000000e+06,1.044535556316091288e+03
3.567592000000000000e+06,1.040508063667874467e+03
3.568528000000000000e+06,1.013154102481709288e+03
3.569464000000000000e+06,1.001409766059585422e+03
3.570400000000000000e+06,1.014119091958228637e+03
3.571332000000000000e+06,1.020306325129269339e+03
3.572268000000000000e+06,1.010879247584276072e+03
3.573204000000000000e+06,1.000753282926275574e+03
3.574140000000000000e+06,9.772718435933049932e+02
3.575072000000000000e+06,9.822654606414168938e+02
3.576008000000000000e+06,9.604301515066688353e+02
3.576944000000000000e+06,9.556551998248794462e+02
3.577880000000000000e+06,9.561857275626119872e+02
3.578812000000000000e+06,9.520049674626102387e+02
3.579748000000000000e+06,9.817037360189548281e+02
3.580684000000000000e+06,9.784405569588728895e+02
3.581620000000000000e+06,9.721387645434592741e+02
3.582552000000000000e+06,9.716519908612226573e+02
3.583488000000000000e+06,9.529340723981065366e+02
3.584424000000000000e+06,9.657816115782613906e+02
3.585360000000000000e+06,9.666390068191634555e+02
3.586292000000000000e+06,9.584821177213713099e+02
3.587228000000000000e+06,9.647719577861786320e+02
3.588164000000000000e+06,9.485948568789718820e+02
3.589100000000000000e+06,9.376778659513438470e+02
3.590032000000000000e+06,9.488567157927718654e+02
3.590968000000000000e+06,9.063487872962509755e+02
3.591904000000000000e+06,9.129036149639607629e+02
3.592840000000000000e+06,9.319504200427097658e+02
3.593772000000000000e+06,9.350096516688928432e+02
3.594708000000000000e+06,9.192677579861007189e+02
3.595644000000000000e+06,9.281149980432279563e+02
3.596580000000000000e+06,9.349215224931928105e+02
3.597512000000000000e+06,9.488234019365797849e+02
3.598448000000000000e+06,9.463219742412439928e+02
3.599384000000000000e+06,9.463441159308454189e+02
3.600320000000000000e+06,9.567882752507357509e+02
3.601252000000000000e+06,9.782407135225068942e+02
3.602188000000000000e+06,1.025942134823862943e+03
3.603124000000000000e+06,1.060945233115871815e+03
3.604060000000000000e+06,1.060095933000929108e+03
3.604992000000000000e+06,1.104968675821295164e+03
3.605928000000000000e+06,1.116662695326471749e+03
3.606864000000000000e+06,1.160806919490041537e+03
3.607800000000000000e+06,1.202585435435657473e+03
3.608732000000000000e+06,1.248178815421467107e+03
3.609668000000000000e+06,1.294327213660930738e+03
3.610604000000000000e+06,1.363781972556726032e+03
3.611540000000000000e+06,1.393500301777403365e+03
3.612472000000000000e+06,1.439593725740761556e+03
3.613408000000000000e+06,1.468808998213427458e+03
3.614344000000000000e+06,1.471437912533146118e+03
3.615280000000000000e+06,1.490329980519083620e+03
3.616212000000000000e+06,1.557329702475902877e+03
3.617148000000000000e+06,1.594524191510133960e+03
3.618084000000000000e+06,1.605976916950709210e+03
3.619020000000000000e+06,1.633598693041708430e+03
3.619952000000000000e+06,1.629964720232415630e+03
3.620888000000000000e+06,1.678741482556715255e+03
3.621824000000000000e+06,1.738072968045077005e+03
3.622760000000000000e+06,1.760256469596611396e+03
3.623692000000000000e+06,1.774976341425475539e+03
3.624628000000000000e+06,1.791330428040139168e+03
3.625564000000000000e+06,1.839971228059342366e+03
3.626500000000000000e+06,1.861859412356023995e+03
3.627432000000000000e+06,1.873914401547745229e+03
3.628368000000000000e+06,1.912074297017920571e+03
3.629304000000000000e+06,1.932838687564779548e+03
3.630240000000000000e+06,1.992370068668706608e+03
3.631172000000000000e+06,1.985961075012540277e+03
3.632108000000000000e+06,2.003346181008348367e+03
3.633044000000000000e+06,2.041327469836795899e+03
3.633980000000000000e+06,2.071753136894419185e+03
3.634912000000000000e+06,2.098612239997143206e+03
3.635848000000000000e+06,2.123155078733810114e+03
3.636784000000000000e+06,2.141469458392660727e+03
3.637720000000000000e+06,2.181716837382092308e+03
3.638652000000000000e+06,2.187662077756104736e+03
3.639588000000000000e+06,2.233249946590796753e+03
3.640524000000000000e+06,2.254419469392857081e+03
3.641460000000000000e+06,2.267645855513225797e+03
3.642392000000000000e+06,2.292674186817158443e+03
3.643328000000000000e+06,2.316370886516322571e+03
3.644264000000000000e+06,2.307495326855806070e+03
3.645200000000000000e+06,2.323191735939380123e+03
3.646132000000000000e+06,2.332422451643018121e+03
3.647068000000000000e+06,2.353210293945031026e+03
3.648004000000000000e+06,2.375859449334800502e+03
3.648940000000000000e+06,2.386270510405757705e+03
3.649872000000000000e+06,2.418570216982731836e+03
3.650808000000000000e+06,2.427494405118792656e+03
3.651744000000000000e+06,2.385769358453555014e+03
3.652680000000000000e+06,2.387846644440391628e+03
3.653612000000000000e+06,2.375445128258619661e+03
3.654548000000000000e+06,2.387316654054660376e+03
3.655484000000000000e+06,2.366384567101044468e+03
3.656420000000000000e+06,2.368853920660563745e+03
3.657352000000000000e+06,2.393785728987550101e+03
3.658288000000000000e+06,2.380210174296375953e+03
3.659224000000000000e+06,2.390823466143931910e+03
3.660160000000000000e+06,2.388261115351100216e+03
3.661092000000000000e+06,2.354404642966602751e+03
3.662028000000000000e+06,2.361810137431200474e+03
3.662964000000000000e+06,2.364760296647319592e+03
3.663900000000000000e+06,2.375274443346002954e+03
3.664832000000000000e+06,2.401443834676080314e+03
3.665768000000000000e+06,2.411964239486822407e+03
3.666704000000000000e+06,2.411959075139946435e+03
3.667640000000000000e+06,2.420324491400170700e+03
3.668572000000000000e+06,2.410653825852392856e+03
3.669508000000000000e+06,2.428272159740302868e+03
3.670444000000000000e+06,2.441541393835495910e+03
3.671380000000000000e+06,2.451750277876431483e+03
3.672312000000000000e+06,2.444489454784938516e+03
3.673248000000000000e+06,2.464985117897651890e+03
3.674184000000000000e+06,2.470327096735724353e+03
3.675120000000000000e+06,2.483100190379834203e+03
3.676052000000000000e+06,2.504151593075171604e+03
3.676988000000000000e+06,2.505800181066783807e+03
3.677924000000000000e+06,2.525862994585764682e+03
3.678860000000000000e+06,2.524245992385831869e+03
3.679792000000000000e+06,2.505832607090144393e+03
3.680728000000000000e+06,2.504741161823528273e+03
3.681664000000000000e+06,2.499199643127527906e+03
3.682600000000000000e+06,2.511998920019316756e+03
3.683532000000000000e+06,2.504227000140822383e+03
3.684468000000000000e+06,2.481363657692239940e+03
3.685404000000000000e+06,2.451186553667543649e+03
3.686340000000000000e+06,2.454044073718149320e+03
3.687272000000000000e+06,2.444885509462984373e+03
3.688208000000000000e+06,2.430269340183497661e+03
3.689144000000000000e+06,2.387145766946630829e+03
3.690080000000000000e+06,2.388613068205520904e+03
3.691012000000000000e+06,2.342152331851988492e+03
3.691948000000000000e+06,2.339765728058272998e+03
3.692884000000000000e+06,2.349156077309621196e+03
3.693820000000000000e+06,2.318304036307588376e+03
3.694752000000000000e+06,2.288891951896599039e+03
3.695688000000000000e+06,2.268987986108873883e+03
3.696624000000000000e+06,2.261965962938882058e+03
3.697560000000000000e+06,2.241623943281607353e+03
3.698492000000000000e+06,2.218763614518626582e+03
3.699428000000000000e+06,2.208791542571053469e+03
3.700364000000000000e+06,2.180371911059868580e+03
3.701300000000000000e+06,2.140136080726816999e+03
3.702232000000000000e+06,2.119144996467179226e+03
3.703168000000000000e+06,2.088392093459628995e+03
3.704104000000000000e+06,2.072666888747525263e+03
3.705040000000000000e+06,2.070397795000617407e+03
3.705972000000000000e+06,2.048424444555728769e+03
3.706908000000000000e+06,2.040241217067566367e+03
3.707844000000000000e+06,2.001198855232561527e+03
3.708780000000000000e+06,1.974862806490366893e+03
3.709712000000000000e+06,1.957430301007417029e+03
3.710648000000000000e+06,1.915335113330102331e+03
3.711584000000000000e+06,1.904180656699165183e+03
3.712520000000000000e+06,1.878156581626656589e+03
3.713452000000000000e+06,1.882370534010981601e+03
3.714388000000000000e+06,1.858677287242766852e+03
3.715324000000000000e+06,1.834356530496680534e+03
3.716260000000000000e+06,1.805978552977350773e+03
3.717192000000000000e+06,1.788074139519316077e+03
3.718128000000000000e+06,1.779594123593989252e+03
3.719064000000000000e+06,1.780482889592517949e+03
3.720000000000000000e+06,1.750364936291408185e+03
3.720932000000000000e+06,1.763663201192420274e+03
3.721868000000000000e+06,1.740984245112392728e+03
3.722804000000000000e+06,1.724916887090894079e+03
3.723740000000000000e+06,1.716280129482974189e+03
3.724672000000000000e+06,1.699792740001822267e+03
3.725608000000000000e+06,1.705415436463357992e+03
3.726544000000000000e+06,1.685030747802498354e+03
3.727480000000000000e+06,1.691952993261480970e+03
3.728412000000000000e+06,1.684838598388929768e+03
3.729348000000000000e+06,1.670657576278650367e+03
3.730284000000000000e+06,1.683622812802732142e+03
3.731220000000000000e+06,1.703336732626222783e+03
3.732152000000000000e+06,1.700104553953926597e+03
3.733088000000000000e+06,1.682658513525847411e+03
3.734024000000000000e+06,1.697111508501489652e+03
3.734960000000000000e+06,1.676147953941518153e+03
3.735892000000000000e+06,1.703052653270683550e+03
3.736828000000000000e+06,1.717526732824464716e+03
3.737764000000000000e+06,1.732797216248218319e+03
3.738700000000000000e+06,1.713603575621499658e+03
3.739632000000000000e+06,1.768516489904204946e+03
3.740568000000000000e+06,1.757609103869102228e+03
3.741504000000000000e+06,1.768539791113769297e+03
3.742440000000000000e+06,1.790788942006922753e+03
3.743372000000000000e+06,1.801130000063836405e+03
3.744308000000000000e+06,1.824542397283706350e+03
3.745244000000000000e+06,1.835063340070500999e+03
3.746180000000000000e+06,1.841081532751896020e+03
3.747112000000000000e+06,1.841918813808613550e+03
3.748048000000000000e+06,1.861012350364191661e+03
3.748984000000000000e+06,1.875776084649213317e+03
3.749920000000000000e+06,1.877437548162671419e+03
3.750852000000000000e+06,1.902627432618105786e+03
3.751788000000000000e+06,1.893077939338065562e+03
3.752724000000000000e+06,1.937275220173395837e+03
3.753660000000000000e+06,1.961437568336089726e+03
3.754592000000000000e+06,1.974634859465682666e+03
3.755528000000000000e+06,1.993783485062738919e+03
3.756464000000000000e+06,2.007454969322263878e+03
3.757400000000000000e+06,1.991243478532186600e+03
3.758332000000000000e+06,2.023920858384639359e+03
3.759268000000000000e+06,2.059694060375389654e+03
3.760204000000000000e+06,2.074347336051420825e+03
3.761140000000000000e+06,2.108801342244414627e+03
3.762072000000000000e+06,2.123054925893312429e+03
3.763008000000000000e+06,2.155816959011023300e+03
3.763944000000000000e+06,2.175947141378373999e+03
3.764880000000000000e+06,2.187662661376052256e+03
3.765812000000000000e+06,2.226668571041279392e+03
3.766748000000000000e+06,2.249645724663282635e+03
3.767684000000000000e+06,2.264258045714877881e+03
3.768620000000000000e+06,2.279777225172887483e+03
3.769552000000000000e+06,2.305388867323177692e+03
3.770488000000000000e+06,2.316432655939200231e+03
3.771424000000000000e+06,2.319260857028330065e+03
3.772360000000000000e+06,2.327527976259896150e+03
3.773292000000000000e+06,2.330375833090863580e+03
3.774228000000000000e+06,2.351639931924505163e+03
3.775164000000000000e+06,2.377312217188281011e+03
3.776100000000000000e+06,2.418766814984133816e+03
3.777032000000000000e+06,2.411123551955012317e+03
3.777968000000000000e+06,2.425723449398875800e+03
3.778904000000000000e+06,2.422374071761186769e+03
3.779840000000000000e+06,2.426943158366911575e+03
3.780772000000000000e+06,2.456185051233901959e+03
3.781708000000000000e+06,2.436221709794355775e+03
3.782644000000000000e+06,2.467330193676161798e+03
3.783580000000000000e+06,2.465260455524900408e+03
3.784512000000000000e+06,2.443912081965523612e+03
3.785448000000000000e+06,2.449859553732998847e+03
3.786384000000000000e+06,2.413853663693833823e+03
3.787320000000000000e+06,2.411125976742344847e+03
3.788252000000000000e+06,2.405316809217129958e+03
3.789188000000000000e+06,2.391759874236701307e+03
3.790124000000000000e+06,2.353238141833913232e+03
3.791060000000000000e+06,2.369942581049845103e+03
3.791992000000000000e+06,2.318890636968135368e+03
3.792928000000000000e+06,2.276295806673358584e+03
3.793864000000000000e+06,2.243010435705414238e+03
3.794800000000000000e+06,2.201471542241143197e+03
3.795732000000000000e+06,2.178646734556065894e+03
3.796668000000000000e+06,2.151434061349255444e+03
3.797604000000000000e+06,2.091318946202121424e+03
3.798540000000000000e+06,2.051066053857985025e+03
3.799472000000000000e+06,2.046022899498638253e+03
3.800408000000000000e+06,1.958935145941319661e+03
3.801344000000000000e+06,1.886733811546576817e+03
3.802280000000000000e+06,1.852797172726496228e+03
3.803212000000000000e+06,1.792958402413083377e+03
3.804148000000000000e+06,1.743832967696067271e+03
3.805084000000000000e+06,1.701473633689037570e+03
3.806020000000000000e+06,1.637405990444766303e+03
3.806952000000000000e+06,1.572716007165653764e+03
3.807888000000000000e+06,1.538659081031796859e+03
3.808824000000000000e+06,1.495377517526798101e+03
3.809760000000000000e+06,1.474817667490198573e+03
3.810692000000000000e+06,1.378844836905633883e+03
3.811628000000000000e+06,1.350267825481425007e+03
3.812564000000000000e+06,1.290364221409619404e+03
3.813500000000000000e+06,1.248229174386757677e+03
3.814432000000000000e+06,1.250303411423934904e+03
3.815368000000000000e+06,1.176596821922908703e+03
3.816304000000000000e+06,1.145685508099758863e+03
3.817240000000000000e+06,1.106507595230358447e+03
3.818172000000000000e+06,1.061975864287420791e+03
3.819108000000000000e+06,1.034520085818785219e+03
3.820044000000000000e+06,1.014612341305294876e+03
3.820980000000000000e+06,9.525722902736492870e+02
3.821912000000000000e+06,9.523260974223285302e+02
3.822848000000000000e+06,9.073372341169202855e+02
3.823784000000000000e+06,8.878022181629561373e+02
3.824720000000000000e+06,8.687921027505927896e+02
3.825652000000000000e+06,8.356860517186506740e+02
3.826588000000000000e+06,8.067784425446485557e+02
3.827524000000000000e+06,7.944707488604956325e+02
3.828460000000000000e+06,7.587754705074362391e+02
3.829392000000000000e+06,7.392140505515750419e+02
3.830328000000000000e+06,7.398215295251073940e+02
3.831264000000000000e+06,7.038847100788315174e+02
3.832200000000000000e+06,6.994723744373707177e+02
3.833132000000000000e+06,6.697140673417770813e+02
3.834068000000000000e+06,6.545887437731412319e+02
3.835004000000000000e+06,6.622635453194169486e+02
3.835940000000000000e+06,6.479758920707048446e+02
3.836872000000000000e+06,6.189133102881993409e+02
3.837808000000000000e+06,5.848984541942771784e+02
3.838744000000000000e+06,6.043232620832297926e+02
3.839680000000000000e+06,5.617235321774157910e+02
3.840612000000000000e+06,5.449716269791041441e+02
3.841548000000000000e+06,5.520673932919753497e+02
3.842484000000000000e+06,5.637054042867722501e+02
3.843420000000000000e+06,5.320748442210059466e+02
3.844352000000000000e+06,5.018512712614166844e+02
3.845288000000000000e+06,5.122921928886934211e+02
3.846224000000000000e+06,5.230423601318746023e+02
3.847160000000000000e+06,4.833649103150779638e+02
3.848092000000000000e+06,4.800843457790015236e+02
3.849028000000000000e+06,4.876712502619284919e+02
3.849964000000000000e+06,4.925570347599128809e+02
3.850900000000000000e+06,5.034749190931466956e+02
3.851832000000000000e+06,5.205093322603800061e+02
3.852768000000000000e+06,5.225385247095866816e+02
3.853704000000000000e+06,4.813055205355592534e+02
3.854640000000000000e+06,4.922079603580022535e+02
3.855572000000000000e+06,5.063937506222023899e+02
3.856508000000000000e+06,5.050319029301649607e+02
3.857444000000000000e+06,5.218097330453509812e+02
3.858380000000000000e+06,5.167895828443121218e+02
3.859312000000000000e+06,5.437093338992469853e+02
3.860248000000000000e+06,5.332085255722624879e+02
3.861184000000000000e+06,5.558170996993261497e+02
3.862120000000000000e+06,5.827206316842057277e+02
3.863052000000000000e+06,5.785458928108456576e+02
3.863988000000000000e+06,6.021542790387651394e+02
3.864924000000000000e+06,6.105982504369333128e+02
3.865860000000000000e+06,6.146132505979273901e+02
3.866792000000000000e+06,6.256399428475643845e+02
3.867728000000000000e+06,6.352414908959921149e+02
3.868664000000000000e+06,6.610227569115061215e+02
3.869600000000000000e+06,6.790196406245185017e+02
3.870532000000000000e+06,6.880440605934769565e+02
3.871468000000000000e+06,6.938829396866382240e+02
3.872404000000000000e+06,7.138859581388006745e+02
3.873340000000000000e+06,7.111275314924378108e+02
3.874272000000000000e+06,7.157760687576441114e+02
3.875208000000000000e+06,7.336004135619094768e+02
3.876144000000000000e+06,7.507385762600257522e+02
3.877080000000000000e+06,7.371631296274074430e+02
3.878012000000000000e+06,7.848433908451482921e+02
3.878948000000000000e+06,7.868717428598839660e+02
3.879884000000000000e+06,7.703187844859760389e+02
3.880820000000000000e+06,7.586327218966858936e+02
3.881752000000000000e+06,7.710765976603378249e+02
3.882688000000000000e+06,7.834689371765177839e+02
3.883624000000000000e+06,7.830412872898357364e+02
3.884560000000000000e+06,7.945360392036491248e+02
3.885492000000000000e+06,7.635964355715049123e+02
3.886428000000000000e+06,7.918829948925879307e+02
3.887364000000000000e+06,7.766612573610519803e+02
3.888300000000000000e+06,7.732434203003986113e+02
3.889232000000000000e+06,7.790792549360977546e+02
3.890168000000000000e+06,7.919794359392792558e+02
3.891104000000000000e+06,7.525251306461847207e+02
3.892040000000000000e+06,7.601643566965110494e+02
3.892972000000000000e+06,7.662233482605697645e+02
3.893908000000000000e+06,7.643920078863998242e+02
3.894844000000000000e+06,7.434176010688236147e+02
3.895780000000000000e+06,7.490966135197401172e+02
3.896712000000000000e+06,7.611177409804735134e+02
3.897648000000000000e+06,7.545111451927081134e+02
3.898584000000000000e+06,7.295161498484550293e+02
3.899520000000000000e+06,6.931751940724649330e+02
3.900452000000000000e+06,7.320080574698995406e+02
3.901388000000000000e+06,7.494917280855877380e+02
3.902324000000000000e+06,7.295381023538689078e+02
3.903260000000000000e+06,6.961575702426065391e+02
3.904192000000000000e+06,7.098712893512264372e+02
3.905128000000000000e+06,7.082930079133833488e+02
3.906064000000000000e+06,6.974204298328958203e+02
3.907000000000000000e+06,7.004205578156183947e+02
3.907932000000000000e+06,6.883400049138672330e+02
3.908868000000000000e+06,6.741313846211804730e+02
3.909804000000000000e+06,6.675666098023734776e+02
3.910740000000000000e+06,6.658636772219747400e+02
3.911672000000000000e+06,6.807863697281749182e+02
3.912608000000000000e+06,6.659925512802784624e+02
3.913544000000000000e+06,6.548771421882287314e+02
3.914480000000000000e+06,6.511831910175760640e+02
3.915412000000000000e+06,6.355753848344552353e+02
3.916348000000000000e+06,6.368578151564885275e+02
3.917284000000000000e+06,6.359188385084916035e+02
3.918220000000000000e+06,6.509188412135697490e+02
3.919152000000000000e+06,6.476519986440962384e+02
3.920088000000000000e+06,6.450053577086315499e+02
3.921024000000000000e+06,6.619258610107641516e+02
3.921960000000000000e+06,6.461381892874081814e+02
3.922892000000000000e+06,6.499005561612498241e+02
3.923828000000000000e+06,6.471083658838610972e+02
3.924764000000000000e+06,6.539200212956889118e+02
3.925700000000000000e+06,6.876225642024318176e+02
3.926632000000000000e+06,6.905095203012293723e+02
3.927568000000000000e+06,6.754617465590889651e+02
3.928504000000000000e+06,6.826312835662890848e+02
3.929440000000000000e+06,6.579080566943323447e+02
3.930372000000000000e+06,6.603336805050594194e+02
3.931308000000000000e+06,6.955364183141056174e+02
3.932244000000000000e+06,6.981964143999445014e+02
3.933180000000000000e+06,6.885786071192223972e+02
3.934112000000000000e+06,7.057471900513401124e+02
3.935048000000000000e+06,7.368344655089379103e+02
3.935984000000000000e+06,7.227701519171707787e+02
3.936920000000000000e+06,7.565455085720415127e+02
3.937852000000000000e+06,7.813226647542137471e+02
3.938788000000000000e+06,7.862330296213989413e+02
3.939724000000000000e+06,7.881680150531141180e+02
3.940660000000000000e+06,8.224288763089559779e+02
3.941592000000000000e+06,8.426292403326592648e+02
3.942528000000000000e+06,8.583027612430340696e+02
3.943464000000000000e+06,8.812190060239998957e+02
3.944400000000000000e+06,8.842036427409499311e+02
3.945332000000000000e+06,9.062957452177645337e+02
3.946268000000000000e+06,9.276691337635974151e+02
3.947204000000000000e+06,9.462812395658418154e+02
3.948140000000000000e+06,9.735669446043769995e+02
3.949072000000000000e+06,9.888731932625952368e+02
3.950008000000000000e+06,1.012073820552446819e+03
3.950944000000000000e+06,9.890821844299069880e+02
3.951880000000000000e+06,1.027565484045229368e+03
3.952812000000000000e+06,1.018846717447581113e+03
3.953748000000000000e+06,1.058106491772774916e+03
3.954684000000000000e+06,1.051140332018042500e+03
3.955620000000000000e+06,1.072973077675355398e+03
3.956552000000000000e+06,1.102918830826692556e+03
3.957488000000000000e+06,1.094481015504335801e+03
3.958424000000000000e+06,1.067765305293363781e+03
3.959360000000000000e+06,1.058913081301489683e+03
3.960292000000000000e+06,1.075027014574382520e+03
3.961228000000000000e+06,1.080888946646620525e+03
3.962164000000000000e+06,1.081337082943636460e+03
3.963100000000000000e+06,1.089382333977054941e+03
3.964032000000000000e+06,1.114938652891112724e+03
3.964968000000000000e+06,1.095795377960863561e+03
3.965904000000000000e+06,1.080427758944693551e+03
3.966840000000000000e+06,1.077788323046063852e+03
3.967772000000000000e+06,1.080979054089368901e+03
3.968708000000000000e+06,1.065347202670366869e+03
3.969644000000000000e+06,1.088097530833261317e+03
3.970580000000000000e+06,1.047125963416639934e+03
3.971512000000000000e+06,1.066157822189090666e+03
3.972448000000000000e+06,1.070668317716541196e+03
3.973384000000000000e+06,1.067192089382815993e+03
3.974320000000000000e+06,1.048189279737030347e+03
3.975252000000000000e+06,1.067217857160620269e+03
3.976188000000000000e+06,1.064447391749514509e+03
3.977124000000000000e+06,1.068536899237467424e+03
3.978060000000000000e+06,1.081027521649611344e+03
3.978992000000000000e+06,1.111589423605427783e+03
3.979928000000000000e+06,1.111084382511470722e+03
3.980864000000000000e+06,1.139380502536468612e+03
3.981800000000000000e+06,1.149145103510726813e+03
3.982732000000000000e+06,1.156633147178182753e+03
3.983668000000000000e+06,1.194295893534356992e+03
3.984604000000000000e+06,1.220550896333986657e+03
3.985540000000000000e+06,1.241019754545168780e+03
3.986472000000000000e+06,1.276255681927275646e+03
3.987408000000000000e+06,1.282012325035436788e+03
3.988344000000000000e+06,1.316909470289125011e+03
3.989280000000000000e+06,1.359687695251056994e+03
3.990212000000000000e+06,1.392757887705875419e+03
3.991148000000000000e+06,1.448878368128340753e+03
3.992084000000000000e+06,1.457404908766909557e+03
3.993020000000000000e+06,1.524384015715531177e+03
3.993952000000000000e+06,1.575354623733393510e+03
3.994888000000000000e+06,1.583564262560152656e+03
3.995824000000000000e+06,1.620967406851657188e+03
3.996760000000000000e+06,1.655771679648166810e+03
3.997692000000000000e+06,1.725341867216244282e+03
3.998628000000000000e+06,1.759601536490344188e+03
3.999564000000000000e+06,1.819264238243057207e+03
4.001432000000000000e+06,1.865413035844692331e+03
4.002368000000000000e+06,1.910293753335629845e+03
4.003304000000000000e+06,1.966127837436275740e+03
4.004240000000000000e+06,1.998049835740046092e+03
4.005172000000000000e+06,2.032070565540120469e+03
4.006108000000000000e+06,2.081079039766608730e+03
4.007044000000000000e+06,2.117927643300646196e+03
4.007980000000000000e+06,2.146694172215421986e+03
4.008912000000000000e+06,2.174935486333098197e+03
4.009848000000000000e+06,2.201258604781331087e+03
4.010784000000000000e+06,2.227257368152733761e+03
4.011720000000000000e+06,2.246343850507031675e+03
4.012652000000000000e+06,2.310646467184043559e+03
4.013588000000000000e+06,2.333073619352874630e+03
4.014524000000000000e+06,2.344485161174243785e+03
4.015460000000000000e+06,2.371885258180090204e+03
4.016392000000000000e+06,2.394793762656447598e+03
4.017328000000000000e+06,2.409871162520473717e+03
4.018264000000000000e+06,2.414703742795382368e+03
4.019200000000000000e+06,2.436093764577149614e+03
4.020132000000000000e+06,2.465816744961549375e+03
4.021068000000000000e+06,2.479369027551350882e+03
4.022004000000000000e+06,2.504878251529498812e+03
4.022940000000000000e+06,2.486883297308961573e+03
4.023872000000000000e+06,2.514630973749955501e+03
4.024808000000000000e+06,2.526439430286440711e+03
4.025744000000000000e+06,2.500634813112692427e+03
4.026680000000000000e+06,2.503975510778242551e+03
4.027612000000000000e+06,2.527311147887272000e+03
4.028548000000000000e+06,2.544646915658735452e+03
4.029484000000000000e+06,2.569400549771129135e+03
4.030420000000000000e+06,2.541158261746083099e+03
4.031352000000000000e+06,2.512624482505383185e+03
4.032288000000000000e+06,2.514324385741229435e+03
4.033224000000000000e+06,2.504059640227047566e+03
4.034160000000000000e+06,2.505222575647217582e+03
4.035092000000000000e+06,2.487216459917953671e+03
4.036028000000000000e+06,2.490251828237212067e+03
4.036964000000000000e+06,2.483411573357599991e+03
4.037900000000000000e+06,2.454206181676888718e+03
4.038832000000000000e+06,2.443829916234720713e+03
4.039768000000000000e+06,2.431609956393591801e+03
4.040708000000000000e+06,2.414407443758214868e+03
4.041640000000000000e+06,2.407960331039140783e+03
4.042572000000000000e+06,2.371569390622061292e+03
4.043508000000000000e+06,2.365167765578570652e+03
4.044444000000000000e+06,2.367619626663088638e+03
4.045380000000000000e+06,2.349540478522951616e+03
4.046312000000000000e+06,2.336131892875046560e+03
4.047248000000000000e+06,2.323811535617529444e+03
4.048184000000000000e+06,2.327966764446040088e+03
4.049120000000000000e+06,2.333624794366180595e+03
4.050052000000000000e+06,2.300236846038543717e+03
4.050988000000000000e+06,2.284682639220991405e+03
4.051924000000000000e+06,2.303368335872092757e+03
4.052860000000000000e+06,2.277877161282727229e+03
4.053792000000000000e+06,2.272549459329067759e+03
4.054728000000000000e+06,2.274594411396467876e+03
4.055664000000000000e+06,2.258997790593055925e+03
4.056600000000000000e+06,2.249974459948978165e+03
4.057532000000000000e+06,2.243600840470366165e+03
4.058468000000000000e+06,2.253978758497724812e+03
4.059404000000000000e+06,2.248739993915015020e+03
4.060340000000000000e+06,2.248320926721243723e+03
4.061272000000000000e+06,2.236691037725488513e+03
4.062216000000000000e+06,2.229676593563065580e+03
4.063144000000000000e+06,2.223792736063382108e+03
4.064080000000000000e+06,2.213532137210635938e+03
4.065012000000000000e+06,2.203970234757629896e+03
4.066884000000000000e+06,2.234753497709111798e+03
4.067820000000000000e+06,2.229833290313995349e+03
4.068752000000000000e+06,2.215257378670712569e+03
4.069688000000000000e+06,2.235155677642735554e+03
4.070624000000000000e+06,2.200078178936980748e+03
4.071560000000000000e+06,2.199981109040974843e+03
4.072492000000000000e+06,2.224511250469902279e+03
4.073428000000000000e+06,2.214560825983091945e+03
4.074364000000000000e+06,2.231707277501760473e+03
4.075300000000000000e+06,2.238462299898018500e+03
4.076232000000000000e+06,2.227868399785643305e+03
4.077168000000000000e+06,2.232483727743051531e+03
4.078104000000000000e+06,2.235235546334509763e+03
4.079040000000000000e+06,2.246095266886725312e+03
4.079972000000000000e+06,2.278415529367599447e+03
4.080908000000000000e+06,2.270980341193862387e+03
4.081844000000000000e+06,2.249994155585944100e+03
4.082780000000000000e+06,2.288127240981652903e+03
4.083720000000000000e+06,2.295601649617837666e+03
4.084648000000000000e+06,2.295965632066401668e+03
4.085584000000000000e+06,2.276037746012520984e+03
4.086520000000000000e+06,2.293499855542453588e+03
4.087452000000000000e+06,2.287692455093702847e+03
4.088388000000000000e+06,2.307875979559872576e+03
4.089324000000000000e+06,2.323688569339511105e+03
4.090260000000000000e+06,2.302533166086711390e+03
4.091192000000000000e+06,2.300422044964268025e+03
4.092128000000000000e+06,2.312312704131662031e+03
4.093064000000000000e+06,2.292166429772898482e+03
4.094000000000000000e+06,2.286913415365446326e+03
4.094932000000000000e+06,2.273810382509845567e+03
4.095868000000000000e+06,2.266223656482960450e+03
4.096804000000000000e+06,2.272337281495479601e+03
4.097740000000000000e+06,2.252280019888498373e+03
4.098672000000000000e+06,2.250044100238490955e+03
4.099608000000000000e+06,2.282082525724412790e+03
4.100544000000000000e+06,2.255478877338661277e+03
4.101480000000000000e+06,2.231947294476228308e+03
4.102412000000000000e+06,2.194533932686311346e+03
4.103348000000000000e+06,2.203035860958847479e+03
4.104284000000000000e+06,2.190556267396890235e+03
4.105224000000000000e+06,2.193066281045175856e+03
4.106152000000000000e+06,2.180536622028930196e+03
4.107088000000000000e+06,2.173501895561665606e+03
4.108024000000000000e+06,2.147941305086302691e+03
4.108960000000000000e+06,2.173633085838339866e+03
4.109892000000000000e+06,2.194937719795585508e+03
4.110828000000000000e+06,2.159785388538649386e+03
4.111764000000000000e+06,2.130842111784786994e+03
4.112700000000000000e+06,2.139431435460752255e+03
4.113632000000000000e+06,2.133080069359899881e+03
4.114568000000000000e+06,2.129344102513155121e+03
4.115504000000000000e+06,2.122810633917011728e+03
4.116440000000000000e+06,2.101767188555590110e+03
4.117372000000000000e+06,2.099620866538045448e+03
4.118308000000000000e+06,2.091725271537172375e+03
4.119244000000000000e+06,2.079871167031224104e+03
4.120180000000000000e+06,2.102309494288080714e+03
4.121112000000000000e+06,2.056015593439878558e+03
4.122048000000000000e+06,2.088672852364798018e+03
4.122984000000000000e+06,2.050962303658681321e+03
4.123920000000000000e+06,2.029751870992686918e+03
4.124852000000000000e+06,2.047595849390463400e+03
4.125788000000000000e+06,2.055759992948886975e+03
4.126728000000000000e+06,2.057159602931706104e+03
4.127660000000000000e+06,2.045551233317402648e+03
4.128592000000000000e+06,2.032421704833965578e+03
4.129528000000000000e+06,2.053841692332299772e+03
4.130464000000000000e+06,2.056337178469977971e+03
4.132332000000000000e+06,2.040528001230029304e+03
4.133268000000000000e+06,2.018826430485652281e+03
4.134204000000000000e+06,2.040063197459050571e+03
4.135140000000000000e+06,2.025923503798991305e+03
4.136072000000000000e+06,2.020279780324937747e+03
4.137008000000000000e+06,2.018995559919509333e+03
4.137944000000000000e+06,2.019987413779762392e+03
4.138880000000000000e+06,2.003651883701870702e+03
4.139812000000000000e+06,1.981921018448775158e+03
4.140748000000000000e+06,1.995479108999773189e+03
4.141684000000000000e+06,1.990802385092726809e+03
4.142620000000000000e+06,1.979344472026680705e+03
4.143552000000000000e+06,1.985318179296159087e+03
4.144488000000000000e+06,1.980697163550745017e+03
4.145424000000000000e+06,1.966049282294962268e+03
4.146360000000000000e+06,1.980110807228646308e+03
4.147292000000000000e+06,1.982971969041760076e+03
4.148236000000000000e+06,1.997542706674423471e+03
4.149164000000000000e+06,1.963056090651527711e+03
4.150100000000000000e+06,1.985304816975987706e+03
4.151032000000000000e+06,2.014076644322601851e+03
4.151968000000000000e+06,2.041306009676047552e+03
4.152904000000000000e+06,2.001494726882302075e+03
4.153840000000000000e+06,2.022196858605651641e+03
4.154772000000000000e+06,2.059209824986257445e+03
4.155708000000000000e+06,2.052789068508547189e+03
4.156644000000000000e+06,2.052611898466473576e+03
4.157580000000000000e+06,2.046260468925882151e+03
4.158512000000000000e+06,2.063131471642878751e+03
4.159448000000000000e+06,2.074119840271492194e+03
4.160384000000000000e+06,2.066527266911672086e+03
4.161320000000000000e+06,2.068544754462984656e+03
4.162252000000000000e+06,2.091658837085754385e+03
4.163188000000000000e+06,2.092211127453890185e+03
4.164124000000000000e+06,2.120893558278696673e+03
4.165060000000000000e+06,2.107658065715148950e+03
4.165992000000000000e+06,2.080874502716300412e+03
4.166928000000000000e+06,2.093960387421740052e+03
4.167864000000000000e+06,2.116324989554156218e+03
4.168800000000000000e+06,2.108053047208863063e+03
4.169740000000000000e+06,2.127669823222573541e+03
4.170668000000000000e+06,2.116657308217564150e+03
4.171604000000000000e+06,2.111654695608160182e+03
4.172540000000000000e+06,2.110810424651622725e+03
4.173472000000000000e+06,2.054275741743068011e+03
4.174408000000000000e+06,2.049371710182737388e+03
4.175344000000000000e+06,2.052159448038136816e+03
4.176280000000000000e+06,2.064978737358397666e+03
4.177212000000000000e+06,2.049805502648035144e+03
4.178148000000000000e+06,2.023017382346930617e+03
4.179084000000000000e+06,2.009429470154138016e+03
4.180020000000000000e+06,1.965380186684360979e+03
4.180952000000000000e+06,1.938631921095400230e+03
4.181888000000000000e+06,1.941695775841366867e+03
4.182824000000000000e+06,1.943997013918295579e+03
4.183760000000000000e+06,1.910241203370607764e+03
4.184692000000000000e+06,1.853043056290371169e+03
4.185628000000000000e+06,1.822093007644483350e+03
4.186564000000000000e+06,1.785765820699463575e+03
4.187500000000000000e+06,1.748913413120209498e+03
4.188432000000000000e+06,1.695946793662064465e+03
4.189368000000000000e+06,1.647938785162813929e+03
4.190304000000000000e+06,1.599231268106590278e+03
4.191244000000000000e+06,1.542097857820423997e+03
4.192172000000000000e+06,1.497281361592141593e+03
4.193108000000000000e+06,1.461564764796402869e+03
4.194044000000000000e+06,1.415603501148372516e+03
4.194980000000000000e+06,1.333865740196523575e+03
4.195912000000000000e+06,1.320867372567120356e+03
4.196848000000000000e+06,1.288506564390027734e+03
4.197784000000000000e+06,1.208320987422836424e+03
4.198720000000000000e+06,1.161274455431767592e+03
4.199652000000000000e+06,1.118676998679327880e+03
4.200588000000000000e+06,1.065598406658740714e+03
4.201524000000000000e+06,1.007884765480903638e+03
4.202460000000000000e+06,9.876353905497893493e+02
4.203392000000000000e+06,9.645898845816653875e+02
4.204328000000000000e+06,9.098089189174976354e+02
4.205264000000000000e+06,8.740975925730957670e+02
4.206200000000000000e+06,8.406058006400213571e+02
4.207132000000000000e+06,7.915556172381595843e+02
4.208068000000000000e+06,7.792541967537995333e+02
4.209004000000000000e+06,7.689601543263152053e+02
4.209940000000000000e+06,7.287618440800875987e+02
4.210872000000000000e+06,7.362402172389972748e+02
4.211808000000000000e+06,7.082555632148537370e+02
4.212748000000000000e+06,6.646036210609008776e+02
4.213680000000000000e+06,6.686113686952030548e+02
4.214612000000000000e+06,6.328423104834224659e+02
4.215548000000000000e+06,6.414858786947328326e+02
4.216484000000000000e+06,6.421544469838502209e+02
4.217420000000000000e+06,6.215108175154783794e+02
4.218352000000000000e+06,6.222069458244167208e+02
4.219288000000000000e+06,6.121698697319687881e+02
4.220224000000000000e+06,6.100931418065280241e+02
4.221160000000000000e+06,6.115592762768477542e+02
4.222092000000000000e+06,6.183011039903611845e+02
4.223028000000000000e+06,6.169663614861459564e+02
4.223964000000000000e+06,5.919164672524892694e+02
4.224900000000000000e+06,6.022488976962484912e+02
4.225832000000000000e+06,5.965336915705189540e+02
4.226768000000000000e+06,5.846845264113235316e+02
4.227704000000000000e+06,5.996357964622573036e+02
4.228640000000000000e+06,6.199037535837552468e+02
4.229572000000000000e+06,5.832920902074753258e+02
4.230508000000000000e+06,6.315228132354270656e+02
4.231444000000000000e+06,6.252790605398181469e+02
4.232380000000000000e+06,6.396336698904167406e+02
4.233312000000000000e+06,6.497033735449969072e+02
4.234256000000000000e+06,5.926012569143698556e+02
4.235184000000000000e+06,6.177576910342138490e+02
4.236120000000000000e+06,6.177130415918148856e+02
4.237052000000000000e+06,6.392607127496274870e+02
4.237988000000000000e+06,6.368282948308116147e+02
4.238924000000000000e+06,6.426359458115044845e+02
4.239860000000000000e+06,6.632136218068876587e+02
4.240792000000000000e+06,6.577215183318276104e+02
4.241728000000000000e+06,6.278772895853791169e+02
4.242664000000000000e+06,6.092934789370802946e+02
4.243600000000000000e+06,6.180968343438320289e+02
4.244532000000000000e+06,6.302564421524505178e+02
4.245468000000000000e+06,6.026006988516836600e+02
4.246404000000000000e+06,5.805373338705071546e+02
4.247340000000000000e+06,5.551866470268654439e+02
4.248272000000000000e+06,5.517301350788585523e+02
4.249208000000000000e+06,5.340739933640517165e+02
4.250144000000000000e+06,4.988321242570983713e+02
4.251080000000000000e+06,4.784767011357890283e+02
4.252012000000000000e+06,4.175078047741176874e+02
4.252948000000000000e+06,3.987826022844444651e+02
4.253884000000000000e+06,3.745072072839468547e+02
4.254820000000000000e+06,3.346885719304058284e+02
4.255760000000000000e+06,3.027213786741223203e+02
4.256688000000000000e+06,2.538524087970881737e+02
4.257624000000000000e+06,2.167887295196574087e+02
4.258560000000000000e+06,1.748444825656768558e+02
4.259492000000000000e+06,1.357004331035624602e+02
4.260428000000000000e+06,6.405244795273033276e+01
4.261364000000000000e+06,3.224486648533877542e+01
4.262300000000000000e+06,-2.904671058695727837e+00
4.263232000000000000e+06,-2.969449303248678262e+01
4.264168000000000000e+06,-6.305844888542377902e+01
4.265104000000000000e+06,-1.199219639670259454e+02
4.266040000000000000e+06,-1.611617849034721530e+02
4.266972000000000000e+06,-1.862371985792164253e+02
4.267908000000000000e+06,-2.306786156302963491e+02
4.268844000000000000e+06,-2.350255713359306071e+02
4.269780000000000000e+06,-2.959796106542445386e+02
4.270712000000000000e+06,-2.809369449888697545e+02
4.271648000000000000e+06,-2.961611524666531068e+02
4.272584000000000000e+06,-3.114220088064806191e+02
4.273520000000000000e+06,-3.480836631140943496e+02
4.274452000000000000e+06,-3.794020181964917811e+02
4.275388000000000000e+06,-4.063037401553571044e+02
4.276324000000000000e+06,-4.161712480652755630e+02
4.277264000000000000e+06,-4.105066916003318056e+02
4.278192000000000000e+06,-4.148213932070451051e+02
4.279128000000000000e+06,-4.251080840965992138e+02
4.280064000000000000e+06,-4.358224568660112368e+02
4.281000000000000000e+06,-4.525866759189837580e+02
4.281932000000000000e+06,-4.547921369177596489e+02
4.282868000000000000e+06,-4.718424491978479409e+02
4.283804000000000000e+06,-4.843343703375191467e+02
4.284740000000000000e+06,-5.182230966735538686e+02
4.285672000000000000e+06,-5.201154947482008311e+02
4.286608000000000000e+06,-5.348554216195050230e+02
4.287544000000000000e+06,-5.578082816814761600e+02
4.288480000000000000e+06,-5.585960717311496637e+02
4.289412000000000000e+06,-5.807344244199915693e+02
4.290348000000000000e+06,-5.486442119835465974e+02
4.291284000000000000e+06,-5.869546313338638583e+02
4.292220000000000000e+06,-5.913710726452059134e+02
4.293152000000000000e+06,-6.175634382765409782e+02
4.294088000000000000e+06,-5.964159438182532540e+02
4.295024000000000000e+06,-6.315089243150239326e+02
4.295960000000000000e+06,-6.171207539244817326e+02
4.296892000000000000e+06,-6.329948611866443571e+02
4.297828000000000000e+06,-6.288038332123121563e+02
4.298768000000000000e+06,-6.577435770118638629e+02
4.299700000000000000e+06,-6.869220060855827796e+02
4.300632000000000000e+06,-6.542133995271547064e+02
4.301568000000000000e+06,-6.632437367964304258e+02
4.302504000000000000e+06,-6.520759693347650909e+02
4.303440000000000000e+06,-6.350398667349079460e+02
4.304372000000000000e+06,-6.617257116347798274e+02
4.305308000000000000e+06,-6.597456169716124350e+02
4.306244000000000000e+06,-6.475344786045966430e+02
4.307180000000000000e+06,-6.343785518989101320e+02
4.308112000000000000e+06,-6.187171098589515168e+02
4.309048000000000000e+06,-6.236478487145586769e+02
4.309984000000000000e+06,-6.251907548933760381e+02
4.310920000000000000e+06,-6.369129409473232499e+02
4.311852000000000000e+06,-6.058806321909140706e+02
4.312788000000000000e+06,-6.075443918293563001e+02
4.313724000000000000e+06,-6.042205067149071738e+02
4.314660000000000000e+06,-6.288138184231577270e+02
4.315592000000000000e+06,-6.220492299340836553e+02
4.316528000000000000e+06,-6.282162777578699888e+02
4.317464000000000000e+06,-6.395481612254319543e+02
4.318400000000000000e+06,-6.710446568748420759e+02
4.319332000000000000e+06,-6.854856610034950108e+02
4.320276000000000000e+06,-6.727292489247429330e+02
4.321204000000000000e+06,-6.668239343800053121e+02
4.322140000000000000e+06,-6.992163690026554832e+02
4.323072000000000000e+06,-7.005622881547290035e+02
4.324008000000000000e+06,-7.166129827643210319e+02
4.324944000000000000e+06,-7.329946302326172827e+02
4.325880000000000000e+06,-7.292792866353132695e+02
4.326812000000000000e+06,-7.273959749996021174e+02
4.327748000000000000e+06,-7.285308870261708307e+02
4.328684000000000000e+06,-7.725435590688614411e+02
4.329620000000000000e+06,-7.827386162768004851e+02
4.330552000000000000e+06,-7.610685724055317678e+02
4.331488000000000000e+06,-7.592624237058853396e+02
4.332424000000000000e+06,-7.620468370517177163e+02
4.333360000000000000e+06,-7.553980145417787071e+02
4.334292000000000000e+06,-7.390462097686075822e+02
4.335228000000000000e+06,-7.166627905968072128e+02
4.336164000000000000e+06,-7.280549408031052963e+02
4.337100000000000000e+06,-7.143522984643757354e+02
4.338032000000000000e+06,-7.277360678959505549e+02
4.338968000000000000e+06,-7.176792003698898270e+02
4.339904000000000000e+06,-6.785731637300848433e+02
4.340840000000000000e+06,-6.579106064966935037e+02
4.341780000000000000e+06,-6.604165392207789864e+02
4.342708000000000000e+06,-6.477699874569000258e+02
4.343644000000000000e+06,-6.532592115256219358e+02
4.344580000000000000e+06,-6.533846305354817332e+02
4.345512000000000000e+06,-6.445750654563322541e+02
4.346448000000000000e+06,-6.255860944165610817e+02
4.347384000000000000e+06,-6.014767913831514079e+02
4.348320000000000000e+06,-6.101513340656230184e+02
4.349252000000000000e+06,-5.893679230401403402e+02
4.350188000000000000e+06,-6.016064345666353574e+02
4.351124000000000000e+06,-6.007192180570783648e+02
4.352060000000000000e+06,-5.712780409989651389e+02
4.352992000000000000e+06,-5.602961530146930045e+02
4.353928000000000000e+06,-5.471286395797154682e+02
4.354864000000000000e+06,-5.240996637666876268e+02
4.355800000000000000e+06,-5.180651139672423824e+02
4.356732000000000000e+06,-5.165896758606470485e+02
4.357668000000000000e+06,-5.058831732779854633e+02
4.358604000000000000e+06,-4.763278855009905897e+02
4.359540000000000000e+06,-4.687958245080576489e+02
4.360472000000000000e+06,-4.112227170408608572e+02
4.361408000000000000e+06,-3.886883956640358520e+02
4.362344000000000000e+06,-3.498749072002520393e+02
4.363284000000000000e+06,-3.421917272800437217e+02
4.364212000000000000e+06,-2.958822077962031472e+02
4.365148000000000000e+06,-2.820060630494426732e+02
4.366084000000000000e+06,-2.463975920566664399e+02
4.367020000000000000e+06,-2.166838972253246141e+02
4.367952000000000000e+06,-1.883173426497868377e+02
4.368888000000000000e+06,-1.313767018626624292e+02
4.369824000000000000e+06,-1.647430307202406539e+02
4.370760000000000000e+06,-1.263049853342288316e+02
4.371692000000000000e+06,-9.607935340459633267e+01
4.372628000000000000e+06,-5.293604117496617789e+01
4.373564000000000000e+06,-5.098208729700836983e+01
4.374500000000000000e+06,-2.073758140022505714e+01
4.375432000000000000e+06,-2.084658966402133373e+01
4.376368000000000000e+06,-1.201449288288748107e+01
4.377304000000000000e+06,-2.347261444493688032e+01
4.378240000000000000e+06,-6.041468166406153273e+01
4.379172000000000000e+06,-2.787713187896322964e+01
4.380108000000000000e+06,-6.616516652451478819e+01
4.381044000000000000e+06,-7.866737516791496887e+01
4.381980000000000000e+06,-9.331438283706964398e+01
4.382912000000000000e+06,-1.543552104489903627e+02
4.383848000000000000e+06,-1.844219333132660381e+02
4.384788000000000000e+06,-2.160689229144860235e+02
4.385720000000000000e+06,-2.360591074940942633e+02
4.386652000000000000e+06,-2.845898787193045791e+02
4.387588000000000000e+06,-3.102073716682342024e+02
4.388524000000000000e+06,-3.597559629594967987e+02
4.389460000000000000e+06,-4.309409747083190609e+02
4.390392000000000000e+06,-4.867688875801005111e+02
4.391328000000000000e+06,-5.239052740432908877e+02
4.392264000000000000e+06,-5.642328635971452968e+02
4.393200000000000000e+06,-6.000926539402435083e+02
4.394132000000000000e+06,-6.397673734823140421e+02
4.395068000000000000e+06,-7.037243191938542850e+02
4.396004000000000000e+06,-7.354295338240679030e+02
4.396940000000000000e+06,-7.378923508186406934e+02
4.397872000000000000e+06,-7.762775282176046403e+02
4.398808000000000000e+06,-8.175789781411508557e+02
4.399744000000000000e+06,-8.746495103674690199e+02
4.400680000000000000e+06,-8.749668896117232180e+02
4.401612000000000000e+06,-9.221681468707834028e+02
4.402548000000000000e+06,-9.399642518323397553e+02
4.403484000000000000e+06,-9.539779861256604363e+02
4.404420000000000000e+06,-9.728634513269033732e+02
4.405352000000000000e+06,-9.843759469809053826e+02
4.406292000000000000e+06,-1.013523059025057023e+03
4.407224000000000000e+06,-1.028093056385742784e+03
4.408160000000000000e+06,-1.049543027182318383e+03
4.409092000000000000e+06,-1.052445411664436051e+03
4.410028000000000000e+06,-1.073260435627595143e+03
4.410964000000000000e+06,-1.102149674603978383e+03
4.411900000000000000e+06,-1.131545021991622662e+03
4.412832000000000000e+06,-1.147975771572066833e+03
4.413768000000000000e+06,-1.172917591062376914e+03
4.414704000000000000e+06,-1.181116506282567116e+03
4.415640000000000000e+06,-1.204819023401402546e+03
4.416572000000000000e+06,-1.245470937783126828e+03
4.417508000000000000e+06,-1.248538236155829964e+03
4.418444000000000000e+06,-1.292379088882117912e+03
4.419380000000000000e+06,-1.293056749700948103e+03
4.420312000000000000e+06,-1.314780304101002685e+03
4.421248000000000000e+06,-1.342963599108570861e+03
4.422184000000000000e+06,-1.360733528859545686e+03
4.423120000000000000e+06,-1.391348339625434619e+03
4.424052000000000000e+06,-1.398316713296021135e+03
4.424988000000000000e+06,-1.395766750085184412e+03
4.425924000000000000e+06,-1.400530052870733471e+03
4.426860000000000000e+06,-1.417700821995141951e+03
4.427796000000000000e+06,-1.439254139249564332e+03
4.428728000000000000e+06,-1.428806485416002715e+03
4.429664000000000000e+06,-1.417612127108920276e+03
4.430600000000000000e+06,-1.446902554233244246e+03
4.431532000000000000e+06,-1.475954049148780086e+03
4.432468000000000000e+06,-1.491384750440442303e+03
4.433404000000000000e+06,-1.455184737309802813e+03
4.434340000000000000e+06,-1.457289630430988609e+03
4.435272000000000000e+06,-1.456181394766490484e+03
4.436208000000000000e+06,-1.436859381704540283e+03
4.437144000000000000e+06,-1.424624329994631580e+03
4.438080000000000000e+06,-1.407919384510028067e+03
4.439012000000000000e+06,-1.389125327600435639e+03
4.439948000000000000e+06,-1.378172557179000933e+03
4.440884000000000000e+06,-1.357808422996587069e+03
4.441820000000000000e+06,-1.348099343862435717e+03
4.442752000000000000e+06,-1.333384796110507978e+03
4.443688000000000000e+06,-1.324789195943028062e+03
4.444624000000000000e+06,-1.303130307160641451e+03
4.445560000000000000e+06,-1.280009266984745409e+03
4.446492000000000000e+06,-1.293011612822017696e+03
4.447428000000000000e+06,-1.259075490125529313e+03
4.448364000000000000e+06,-1.256146624393269349e+03
4.449300000000000000e+06,-1.227961190500791872e+03
4.450232000000000000e+06,-1.243614972339973974e+03
4.451168000000000000e+06,-1.193530786142671104e+03
4.452104000000000000e+06,-1.196203431196405290e+03
4.453040000000000000e+06,-1.160158738231493771e+03
4.453972000000000000e+06,-1.173638749466794707e+03
4.454908000000000000e+06,-1.165709405120096108e+03
4.455844000000000000e+06,-1.137720110687542501e+03
4.456780000000000000e+06,-1.125601880135616057e+03
4.457712000000000000e+06,-1.120978404455125201e+03
4.458648000000000000e+06,-1.106222563918194737e+03
4.459584000000000000e+06,-1.094363678239296405e+03
4.460520000000000000e+06,-1.104869626434995098e+03
4.461452000000000000e+06,-1.063912030063361726e+03
4.462388000000000000e+06,-1.052343415782818283e+03
4.463324000000000000e+06,-1.026008806531869368e+03
4.464260000000000000e+06,-1.013144378486679670e+03
4.465192000000000000e+06,-9.935129307363280304e+02
4.466128000000000000e+06,-9.994458568979890742e+02
4.467064000000000000e+06,-9.815052808355078469e+02
4.468000000000000000e+06,-9.739926741130493610e+02
4.468932000000000000e+06,-9.484392348031352640e+02
4.469868000000000000e+06,-9.702493662980166391e+02
4.470804000000000000e+06,-9.603103010692565249e+02
4.471740000000000000e+06,-9.431872235285030683e+02
4.472672000000000000e+06,-9.116099835666685749e+02
4.473608000000000000e+06,-9.285673020552349044e+02
4.474544000000000000e+06,-9.305157064960674234e+02
4.475480000000000000e+06,-9.231655283942627648e+02
4.476412000000000000e+06,-9.252832408339279482e+02
4.477348000000000000e+06,-9.061468015377796519e+02
4.478284000000000000e+06,-8.875694790378905736e+02
4.479220000000000000e+06,-8.628347840532193231e+02
4.480152000000000000e+06,-8.404234290517538284e+02
4.481088000000000000e+06,-8.588189516409335056e+02
4.482024000000000000e+06,-8.504957515245248487e+02
4.482960000000000000e+06,-8.151586596692328612e+02
4.483892000000000000e+06,-8.071571190814614738e+02
4.484828000000000000e+06,-7.661650400968223948e+02
4.485764000000000000e+06,-7.555408931741177412e+02
4.486700000000000000e+06,-7.317600018479378150e+02
4.487632000000000000e+06,-7.075268182257573244e+02
4.488568000000000000e+06,-6.706937942578388174e+02
4.489504000000000000e+06,-6.612092270819595115e+02
4.490440000000000000e+06,-5.924306363236725019e+02
4.491372000000000000e+06,-6.057794461427982924e+02
4.492308000000000000e+06,-5.902172535337086856e+02
4.493244000000000000e+06,-5.416791994855852863e+02
4.494180000000000000e+06,-5.295444572795300928e+02
4.495112000000000000e+06,-5.060546073227334887e+02
4.496048000000000000e+06,-4.932329143587309090e+02
4.496984000000000000e+06,-5.119199286470282004e+02
4.497920000000000000e+06,-5.061358727415479279e+02
4.498852000000000000e+06,-4.945231792271816289e+02
4.499788000000000000e+06,-5.031390788989332350e+02
4.500724000000000000e+06,-4.532714271276736895e+02
4.501660000000000000e+06,-4.536362869585796034e+02
4.502592000000000000e+06,-4.705747022181257080e+02
4.503528000000000000e+06,-4.966287032025373378e+02
4.504464000000000000e+06,-4.868138320791570095e+02
4.505400000000000000e+06,-4.917354562526956556e+02
4.506332000000000000e+06,-4.978575030663260463e+02
4.507268000000000000e+06,-4.965105650893497113e+02
4.508204000000000000e+06,-5.364326855568019710e+02
4.509140000000000000e+06,-5.766322711766850944e+02
4.510072000000000000e+06,-5.930098975867314266e+02
4.511008000000000000e+06,-5.930422990321602583e+02
4.511944000000000000e+06,-6.178159911205112849e+02
4.512880000000000000e+06,-6.445311911006277796e+02
4.513812000000000000e+06,-6.731592412598696455e+02
4.514748000000000000e+06,-6.843416076846343685e+02
4.515684000000000000e+06,-7.296705516099943907e+02
4.516620000000000000e+06,-7.406953392077559784e+02
4.517552000000000000e+06,-7.666108512344432029e+02
4.518488000000000000e+06,-7.800212261944608372e+02
4.519424000000000000e+06,-7.846961594898708654e+02
4.520360000000000000e+06,-8.058739957068087278e+02
4.521292000000000000e+06,-8.393290224747856882e+02
4.522228000000000000e+06,-8.594706462611258075e+02
4.523164000000000000e+06,-8.775896712840849432e+02
4.524100000000000000e+06,-9.039596044256783216e+02
4.525032000000000000e+06,-9.204671211182668458e+02
4.525968000000000000e+06,-9.360774087406789477e+02
4.526904000000000000e+06,-9.759644221484169293e+02
4.527840000000000000e+06,-1.010801160097671527e+03
4.528772000000000000e+06,-1.045793316769990042e+03
4.529708000000000000e+06,-1.041283512924233946e+03
4.530644000000000000e+06,-1.066492182574402705e+03
4.531580000000000000e+06,-1.092178383021613854e+03
4.532512000000000000e+06,-1.096782704677732227e+03
4.533448000000000000e+06,-1.123783505026161038e+03
4.534384000000000000e+06,-1.118387723632356483e+03
4.535320000000000000e+06,-1.149669832243684596e+03
4.536252000000000000e+06,-1.170080127283647471e+03
4.537188000000000000e+06,-1.170120780222235908e+03
4.538124000000000000e+06,-1.215302767797687693e+03
4.539060000000000000e+06,-1.219407477073519885e+03
4.539992000000000000e+06,-1.256445841182422100e+03
4.540928000000000000e+06,-1.252243136888040908e+03
4.541864000000000000e+06,-1.279607390430727037e+03
4.542800000000000000e+06,-1.304799109329346038e+03
4.543732000000000000e+06,-1.338470130858373977e+03
4.544668000000000000e+06,-1.322717966782007352e+03
4.545604000000000000e+06,-1.354999059185543956e+03
4.546540000000000000e+06,-1.388993238588891018e+03
4.547472000000000000e+06,-1.379515715156931719e+03
4.548408000000000000e+06,-1.393415596033062684e+03
4.549344000000000000e+06,-1.401288673903564131e+03
4.550280000000000000e+06,-1.418741007565475002e+03
4.551212000000000000e+06,-1.441008592032808792e+03
4.552148000000000000e+06,-1.472891423514447752e+03
4.553084000000000000e+06,-1.473626646831458174e+03
4.554020000000000000e+06,-1.482621531719719542e+03
4.554952000000000000e+06,-1.487110125541938714e+03
4.555888000000000000e+06,-1.492132646982642882e+03
4.556824000000000000e+06,-1.493243568643940989e+03
4.557760000000000000e+06,-1.499433210366730464e+03
4.558692000000000000e+06,-1.505723952456786492e+03
4.559628000000000000e+06,-1.508655844795957137e+03
4.560564000000000000e+06,-1.530353040034824517e+03
4.561500000000000000e+06,-1.546572051120328979e+03
4.562432000000000000e+06,-1.551418698949520149e+03
4.563368000000000000e+06,-1.550417815621037562e+03
4.564304000000000000e+06,-1.551673462221056752e+03
4.565240000000000000e+06,-1.560418196569852626e+03
4.566172000000000000e+06,-1.565996262567161011e+03
4.567108000000000000e+06,-1.583423959090705239e+03
4.568044000000000000e+06,-1.564991751443315934e+03
4.568980000000000000e+06,-1.543609649718913715e+03
4.569912000000000000e+06,-1.552040571194934500e+03
4.570848000000000000e+06,-1.516285019554806695e+03
4.571784000000000000e+06,-1.516433994500974450e+03
4.572720000000000000e+06,-1.508111063779101414e+03
4.573652000000000000e+06,-1.490528621873041629e+03
4.574588000000000000e+06,-1.488876730143859731e+03
4.575524000000000000e+06,-1.481469677388881792e+03
4.576460000000000000e+06,-1.486431900620174019e+03
4.577392000000000000e+06,-1.467991308497406180e+03
4.578328000000000000e+06,-1.463877789620355770e+03
4.579264000000000000e+06,-1.470912868584872285e+03
4.580200000000000000e+06,-1.467042952827449199e+03
4.581132000000000000e+06,-1.455404311332372117e+03
4.582068000000000000e+06,-1.460511930237209754e+03
4.583004000000000000e+06,-1.425786424897557708e+03
4.583940000000000000e+06,-1.418637220434049368e+03
4.584872000000000000e+06,-1.424237005175436025e+03
4.585808000000000000e+06,-1.429134052282295443e+03
4.586744000000000000e+06,-1.426081656473540534e+03
4.587680000000000000e+06,-1.406938420470012261e+03
4.588612000000000000e+06,-1.396527200389168229e+03
4.589548000000000000e+06,-1.390030763789658749e+03
4.590484000000000000e+06,-1.388842543090769595e+03
4.591420000000000000e+06,-1.437694595584687931e+03
4.592352000000000000e+06,-1.445750160162090197e+03
4.593288000000000000e+06,-1.432691134794196387e+03
4.594224000000000000e+06,-1.419814716114315161e+03
4.595160000000000000e+06,-1.415689895018314473e+03
4.596092000000000000e+06,-1.410028340548747110e+03
4.597028000000000000e+06,-1.385632818072785085e+03
4.597964000000000000e+06,-1.410919902970729709e+03
4.598900000000000000e+06,-1.403617165776731554e+03
4.599832000000000000e+06,-1.436406658829231446e+03
4.600768000000000000e+06,-1.407053382717986779e+03
4.601704000000000000e+06,-1.415669411311904469e+03
4.602640000000000000e+06,-1.405434111093071351e+03
4.603572000000000000e+06,-1.399518921962140439e+03
4.604508000000000000e+06,-1.406841148137521941e+03
4.605444000000000000e+06,-1.367433767447108721e+03
4.606380000000000000e+06,-1.385748961556612358e+03
4.607312000000000000e+06,-1.367511879085684541e+03
4.608248000000000000e+06,-1.339827943671939693e+03
4.609184000000000000e+06,-1.338814264791285268e+03
4.610120000000000000e+06,-1.332731189408189948e+03
4.611052000000000000e+06,-1.334478997679560052e+03
4.611988000000000000e+06,-1.302190239173038663e+03
4.612924000000000000e+06,-1.279829058773712404e+03
4.613860000000000000e+06,-1.243361595075655487e+03
4.614792000000000000e+06,-1.222066070662633820e+03
4.615728000000000000e+06,-1.181415245287599873e+03
4.616664000000000000e+06,-1.164800840398587980e+03
4.617600000000000000e+06,-1.134265450392465482e+03
4.618532000000000000e+06,-1.095812916281185835e+03
4.619468000000000000e+06,-1.063014026742836450e+03
4.620404000000000000e+06,-1.025549958489985329e+03
4.621340000000000000e+06,-1.019901695293224293e+03
4.622272000000000000e+06,-9.662003148767854555e+02
4.623208000000000000e+06,-9.502385267032705087e+02
4.624144000000000000e+06,-9.407363736397081766e+02
4.625080000000000000e+06,-9.094386594560388630e+02
4.626012000000000000e+06,-9.051719986797736510e+02
4.626948000000000000e+06,-8.786753569663213739e+02
4.627884000000000000e+06,-8.567982772188192939e+02
4.628820000000000000e+06,-8.674018108363993633e+02
4.629752000000000000e+06,-8.724697469978390245e+02
4.630688000000000000e+06,-8.632501351715504825e+02
4.631624000000000000e+06,-8.478829001210574461e+02
4.632560000000000000e+06,-8.507565435849577398e+02
4.633492000000000000e+06,-8.361833584960885446e+02
4.634428000000000000e+06,-8.626608866635176582e+02
4.635364000000000000e+06,-8.785994246023105916e+02
4.636300000000000000e+06,-9.001897455192807911e+02
4.637232000000000000e+06,-8.766803501669007801e+02
4.638168000000000000e+06,-8.994840220219533649e+02
4.639104000000000000e+06,-9.036077390070123556e+02
4.640040000000000000e+06,-8.869076904400329795e+02
4.640972000000000000e+06,-9.119462630719526715e+02
4.641908000000000000e+06,-9.354806874143266668e+02
4.642844000000000000e+06,-9.549342957732641253e+02
4.643780000000000000e+06,-9.489284517399158858e+02
4.644712000000000000e+06,-9.621322698805042819e+02
4.645648000000000000e+06,-9.786995264044894611e+02
4.646584000000000000e+06,-9.798603974550555904e+02
4.647520000000000000e+06,-9.702793670807188846e+02
4.648452000000000000e+06,-9.594114384655896401e+02
4.649388000000000000e+06,-9.721058481817962047e+02
4.650324000000000000e+06,-9.802095175515046321e+02
4.651260000000000000e+06,-9.893015194028673704e+02
4.652192000000000000e+06,-9.750521738081705507e+02
4.653128000000000000e+06,-9.945129378597840741e+02
4.654064000000000000e+06,-9.695979256493126286e+02
4.655000000000000000e+06,-9.941034849783791287e+02
4.655932000000000000e+06,-9.867124581741115890e+02
4.656868000000000000e+06,-9.845700068593411061e+02
4.657804000000000000e+06,-1.008906970369400142e+03
4.658740000000000000e+06,-9.882265628739189651e+02
4.659672000000000000e+06,-9.450135286365716638e+02
4.660608000000000000e+06,-9.750345916383008671e+02
4.661544000000000000e+06,-1.016570936368757543e+03
4.662480000000000000e+06,-9.805950267701402936e+02
4.663412000000000000e+06,-9.967716406796722595e+02
4.664348000000000000e+06,-1.006861209538952266e+03
4.665284000000000000e+06,-1.015296187478425736e+03
4.666220000000000000e+06,-1.022449127242114628e+03
4.667152000000000000e+06,-1.009656878421752253e+03
4.668088000000000000e+06,-1.038624195042275687e+03
4.669024000000000000e+06,-1.049226497944644734e+03
4.669960000000000000e+06,-1.084529036485851066e+03
4.670892000000000000e+06,-1.069735783679181623e+03
4.671828000000000000e+06,-1.102237796968443263e+03
4.672764000000000000e+06,-1.090013078378682849e+03
4.673700000000000000e+06,-1.100442684896787114e+03
4.674632000000000000e+06,-1.109967295639509530e+03
4.675568000000000000e+06,-1.116381787377314822e+03
4.676504000000000000e+06,-1.141674318069385890e+03
4.677440000000000000e+06,-1.147096065003315744e+03
4.678372000000000000e+06,-1.174117068037511672e+03
4.679308000000000000e+06,-1.182964077824221476e+03
4.680244000000000000e+06,-1.161133664053607845e+03
4.681180000000000000e+06,-1.181373924422005302e+03
4.682112000000000000e+06,-1.179614787803694753e+03
4.683048000000000000e+06,-1.179016214506089000e+03
4.683984000000000000e+06,-1.197953343434282715e+03
4.684920000000000000e+06,-1.229008933911056602e+03
4.685852000000000000e+06,-1.232560511867772220e+03
4.686788000000000000e+06,-1.224309039876270617e+03
4.687724000000000000e+06,-1.246656024812537680e+03
4.688660000000000000e+06,-1.258719208666365603e+03
4.689592000000000000e+06,-1.254014433826243476e+03
4.690528000000000000e+06,-1.205796893072163584e+03
4.691464000000000000e+06,-1.216971623242488704e+03
4.692400000000000000e+06,-1.204109640476372761e+03
4.693332000000000000e+06,-1.189018315859534823e+03
4.694268000000000000e+06,-1.180414464282196832e+03
4.695204000000000000e+06,-1.170886293083550072e+03
4.696140000000000000e+06,-1.128427340475608844e+03
4.697072000000000000e+06,-1.109733489355004167e+03
4.698008000000000000e+06,-1.079612871441193647e+03
4.698944000000000000e+06,-1.054877893865600527e+03
4.699880000000000000e+06,-1.009956684227577966e+03
4.700812000000000000e+06,-1.009160053704177813e+03
4.701748000000000000e+06,-9.683717784365959460e+02
4.702684000000000000e+06,-9.376492413891647857e+02
4.703620000000000000e+06,-9.174007468274224948e+02
4.704552000000000000e+06,-8.909855293200154165e+02
4.705488000000000000e+06,-8.504852579156989805e+02
4.706424000000000000e+06,-8.463405086755974480e+02
4.707360000000000000e+06,-8.350374059228493024e+02
4.708292000000000000e+06,-8.128561917598779019e+02
4.709228000000000000e+06,-7.857599398656809626e+02
4.710164000000000000e+06,-7.776949764375610812e+02
4.711100000000000000e+06,-7.899556594905304792e+02
4.712032000000000000e+06,-7.796925059923411254e+02
4.712968000000000000e+06,-7.619137968044303761e+02
4.713904000000000000e+06,-7.862175244227485109e+02
4.714840000000000000e+06,-8.001814019297230516e+02
4.715772000000000000e+06,-7.933282765907978273e+02
4.716708000000000000e+06,-8.165113999986530189e+02
4.717644000000000000e+06,-8.096527953990083688e+02
4.718580000000000000e+06,-7.940921868969005573e+02
4.719512000000000000e+06,-8.039071519296884389e+02
4.720448000000000000e+06,-8.129156633415620945e+02
4.722320000000000000e+06,-8.380995114766823235e+02
4.723252000000000000e+06,-8.266325879585963321e+02
4.724188000000000000e+06,-8.287045424293694396e+02
4.725124000000000000e+06,-8.508246756087166887e+02
4.726060000000000000e+06,-8.806907317615430202e+02
4.726992000000000000e+06,-8.698802288251481514e+02
4.727928000000000000e+06,-8.737361959543583225e+02
4.728864000000000000e+06,-8.701782790042641409e+02
4.729800000000000000e+06,-8.736777903794444455e+02
4.730732000000000000e+06,-8.407417313439370901e+02
4.731668000000000000e+06,-8.586041194577694569e+02
4.732604000000000000e+06,-8.794944835797505220e+02
4.733540000000000000e+06,-8.695498824711027055e+02
4.734472000000000000e+06,-8.533269979587271337e+02
4.735408000000000000e+06,-8.415522543286679138e+02
4.736344000000000000e+06,-8.359185903199878567e+02
4.737280000000000000e+06,-8.458860605383590610e+02
4.738212000000000000e+06,-8.384634114072136981e+02
4.739148000000000000e+06,-8.253921292555047557e+02
4.740084000000000000e+06,-8.211338625107647431e+02
4.741020000000000000e+06,-7.886512062697413512e+02
4.741952000000000000e+06,-7.594849810070841158e+02
4.742888000000000000e+06,-7.730742194670303888e+02
4.743824000000000000e+06,-7.715690213784662319e+02
4.744760000000000000e+06,-7.411193347074472513e+02
4.745692000000000000e+06,-7.246859167995829694e+02
4.746628000000000000e+06,-6.952725713700933738e+02
4.747564000000000000e+06,-6.977233653925231920e+02
4.748500000000000000e+06,-6.525830150551947781e+02
4.749432000000000000e+06,-6.396784935761608040e+02
4.750368000000000000e+06,-6.114467522815375560e+02
4.751304000000000000e+06,-6.018115523594517526e+02
4.752240000000000000e+06,-5.690939802984996732e+02
4.753172000000000000e+06,-5.631711492489919237e+02
4.754108000000000000e+06,-5.385056175887708605e+02
4.755044000000000000e+06,-5.182160230273018442e+02
4.755980000000000000e+06,-4.799016032918729024e+02
4.756912000000000000e+06,-4.498670596858601129e+02
4.757848000000000000e+06,-4.208654545324115475e+02
4.758784000000000000e+06,-3.834944714266508186e+02
4.759720000000000000e+06,-3.923369650213871864e+02
4.760652000000000000e+06,-3.449932117218652934e+02
4.761588000000000000e+06,-2.905130921912974600e+02
4.762524000000000000e+06,-2.619029296689815851e+02
4.763460000000000000e+06,-1.988208387875106951e+02
4.764392000000000000e+06,-1.731227694659095562e+02
4.765328000000000000e+06,-1.622492060398737408e+02
4.766264000000000000e+06,-1.222870136231778275e+02
4.767200000000000000e+06,-7.643251378746873570e+01
4.768132000000000000e+06,-7.565101463022585904e+01
4.769068000000000000e+06,-4.369778664762284137e+01
4.770004000000000000e+06,1.961877644177066315e+01
4.770940000000000000e+06,3.765762255733565667e+01
4.771872000000000000e+06,9.252328925957543504e+01
4.772808000000000000e+06,1.187814321653143139e+02
4.773744000000000000e+06,1.439030387235754631e+02
4.774680000000000000e+06,1.693158390161486579e+02
4.775612000000000000e+06,1.928036505140839267e+02
4.776548000000000000e+06,2.133492650195440490e+02
4.777484000000000000e+06,2.371116830489088159e+02
4.778420000000000000e+06,2.591674754150889726e+02
4.779352000000000000e+06,2.681249147401737218e+02
4.780288000000000000e+06,3.306705682743597094e+02
4.781224000000000000e+06,3.345652077978842271e+02
4.782160000000000000e+06,3.875759277058380690e+02
4.783092000000000000e+06,4.169178435678740016e+02
4.784028000000000000e+06,4.419794217625141641e+02
4.784964000000000000e+06,4.730434395846745019e+02
4.785900000000000000e+06,4.953325487291909894e+02
4.787768000000000000e+06,5.129718655677946799e+02
4.788704000000000000e+06,5.395947319090838619e+02
4.789640000000000000e+06,5.944888777851178929e+02
4.790572000000000000e+06,6.022018223737970857e+02
4.791508000000000000e+06,6.255364851833338662e+02
4.792444000000000000e+06,6.098406421435471430e+02
4.793380000000000000e+06,6.327621044857929746e+02
4.794312000000000000e+06,6.333857437619923303e+02
4.795248000000000000e+06,6.285873859406972315e+02
4.796184000000000000e+06,6.721805153381935725e+02
4.797120000000000000e+06,6.906451198891759304e+02
4.798052000000000000e+06,6.738018182273932553e+02
4.798988000000000000e+06,6.773128101703734956e+02
4.799924000000000000e+06,6.613305121290802617e+02
4.800860000000000000e+06,6.901682488081272595e+02
4.801792000000000000e+06,6.885036319511903002e+02
4.802728000000000000e+06,6.637479953507736354e+02
4.803664000000000000e+06,6.668747255166059631e+02
4.804600000000000000e+06,6.697136316478577100e+02
4.805532000000000000e+06,6.597735279998482838e+02
4.806468000000000000e+06,6.599641488643341063e+02
4.807404000000000000e+06,6.249508271248528217e+02
4.808340000000000000e+06,6.127269479037075826e+02
4.809272000000000000e+06,6.124873681903213765e+02
4.810208000000000000e+06,6.353889025078589157e+02
4.811144000000000000e+06,6.091004414396323909e+02
4.812080000000000000e+06,5.910266721813345612e+02
4.813012000000000000e+06,5.713747233144343909e+02
4.813948000000000000e+06,5.515869136450696715e+02
4.814884000000000000e+06,5.620035061917886878e+02
4.815820000000000000e+06,5.553093884159408162e+02
4.816752000000000000e+06,5.429132788484937464e+02
4.817688000000000000e+06,5.261040093057919194e+02
4.818624000000000000e+06,5.208226089991303525e+02
4.819560000000000000e+06,5.299677492252553748e+02
4.820492000000000000e+06,5.173913702051559085e+02
4.821428000000000000e+06,5.078392579534707920e+02
4.822364000000000000e+06,5.135519581720267297e+02
4.823300000000000000e+06,5.212192468086624331e+02
4.824232000000000000e+06,5.115883182185262399e+02
4.825168000000000000e+06,5.181054677191815472e+02
4.826104000000000000e+06,5.442022242467367050e+02
4.827040000000000000e+06,5.372731087195753616e+02
4.827972000000000000e+06,5.633116182330884385e+02
4.828908000000000000e+06,6.154692949292373214e+02
4.829844000000000000e+06,6.078981678364998515e+02
4.830780000000000000e+06,6.409196638642383732e+02
4.831712000000000000e+06,6.401165211290569914e+02
4.832648000000000000e+06,7.103351035604355275e+02
4.833584000000000000e+06,7.177691120195601115e+02
4.834520000000000000e+06,7.287883366401939611e+02
4.835452000000000000e+06,7.350339098268278804e+02
4.836388000000000000e+06,7.764424331167806486e+02
4.837324000000000000e+06,7.915763112982134544e+02
4.838260000000000000e+06,8.248053308179338501e+02
4.839192000000000000e+06,8.433073311385408033e+02
4.840128000000000000e+06,8.557226409625460519e+02
4.841064000000000000e+06,8.617676186605898465e+02
4.842000000000000000e+06,8.481192962384102429e+02
4.842932000000000000e+06,8.172689470491508246e+02
4.843868000000000000e+06,8.238735895036360262e+02
4.844804000000000000e+06,8.071213390876121139e+02
4.845740000000000000e+06,8.015755944215644604e+02
4.846672000000000000e+06,8.254680887212191465e+02
4.847608000000000000e+06,8.073415452262670442e+02
4.848544000000000000e+06,7.824141669884369321e+02
4.849480000000000000e+06,7.532318226119148221e+02
4.850412000000000000e+06,7.234275189434075628e+02
4.851348000000000000e+06,7.008275820291189575e+02
4.853220000000000000e+06,7.135040876918855020e+02
4.854152000000000000e+06,6.791669853792750473e+02
4.855088000000000000e+06,6.269441026501008309e+02
4.856024000000000000e+06,6.257843196679598350e+02
4.856960000000000000e+06,6.156346571010105890e+02
4.857892000000000000e+06,5.829576759353328725e+02
4.858828000000000000e+06,5.729588650888136954e+02
4.859764000000000000e+06,5.874112598883051533e+02
4.860700000000000000e+06,5.495171848623759843e+02
4.861632000000000000e+06,5.249175986928082693e+02
4.862568000000000000e+06,5.102122521868095077e+02
4.863504000000000000e+06,4.909737526911902705e+02
4.864440000000000000e+06,5.025242940591429033e+02
4.865372000000000000e+06,4.751074340933416238e+02
4.866308000000000000e+06,4.518998643965803694e+02
4.867244000000000000e+06,4.517004926517697072e+02
4.868180000000000000e+06,4.231727358610167471e+02
4.869112000000000000e+06,4.346535524123972323e+02
4.870048000000000000e+06,4.334416805641835140e+02
4.870984000000000000e+06,4.151573883018556899e+02
4.871920000000000000e+06,3.638836595888921011e+02
4.872852000000000000e+06,3.522413138574660252e+02
4.873788000000000000e+06,3.383430285141636205e+02
4.874724000000000000e+06,3.186860599275425443e+02
4.875660000000000000e+06,3.186058943827512735e+02
4.876592000000000000e+06,2.815575021154919000e+02
4.877528000000000000e+06,2.681925308152507910e+02
4.878464000000000000e+06,2.376963809688588185e+02
4.879400000000000000e+06,1.914814499994746200e+02
4.880332000000000000e+06,1.632902031751347351e+02
4.881268000000000000e+06,1.420820689696217869e+02
4.882204000000000000e+06,1.307962580889953301e+02
4.883140000000000000e+06,1.034635230981870961e+02
4.884072000000000000e+06,6.029159900545995043e+01
4.885008000000000000e+06,5.327257522546996427e+01
4.885944000000000000e+06,2.851294193895025586e+01
4.886880000000000000e+06,-2.163364278593490297e+01
4.887812000000000000e+06,-3.334340096458016234e+01
4.888748000000000000e+06,-5.316071453011692682e+01
4.889684000000000000e+06,-6.946312310770213116e+01
4.890620000000000000e+06,-9.768454699491240945e+01
4.891552000000000000e+06,-1.009416402754220172e+02
4.892488000000000000e+06,-8.468489321191769648e+01
4.893424000000000000e+06,-8.570781908822435469e+01
4.894360000000000000e+06,-1.099259047950399690e+02
4.895292000000000000e+06,-1.365213094877310880e+02
4.896228000000000000e+06,-1.358285140593610834e+02
4.897164000000000000e+06,-1.370835087779282446e+02
4.898100000000000000e+06,-1.276598684335643412e+02
4.899032000000000000e+06,-1.069560155487439914e+02
4.899968000000000000e+06,-7.969886171127085106e+01
4.900904000000000000e+06,-1.009731382838162119e+02
4.901840000000000000e+06,-8.805775217264043420e+01
4.902772000000000000e+06,-5.688608354625710462e+01
4.903708000000000000e+06,-5.569573073228652760e+01
4.904644000000000000e+06,-3.660597062263953205e+01
4.905580000000000000e+06,-1.503431678649433145e+01
4.906512000000000000e+06,-4.582418898597653723e+00
4.907448000000000000e+06,-1.984804101396987486e+00
4.908384000000000000e+06,2.023878667605936243e+01
4.909320000000000000e+06,1.618313618735407999e+01
4.910252000000000000e+06,7.661614215661330718e+01
4.911188000000000000e+06,5.705740393199721439e+01
4.912124000000000000e+06,5.625769118927073720e+01
4.913060000000000000e+06,9.118541174743198496e+01
4.913992000000000000e+06,1.133139950409310188e+02
4.914928000000000000e+06,9.919521950249105657e+01
4.915864000000000000e+06,8.729734468298877914e+01
4.916800000000000000e+06,1.394938035100923628e+02
4.917732000000000000e+06,1.318054423895583795e+02
4.918668000000000000e+06,1.421912551894062346e+02
4.919604000000000000e+06,1.640659951196536497e+02
4.920540000000000000e+06,1.618163189610171457e+02
4.921472000000000000e+06,1.475308422117849148e+02
4.922408000000000000e+06,1.368021654924082213e+02
4.923344000000000000e+06,1.200232457209537529e+02
4.924280000000000000e+06,1.434035531188066557e+02
4.925212000000000000e+06,1.178333203648504366e+02
4.926148000000000000e+06,1.366984925155381063e+02
4.927084000000000000e+06,1.256091611254466045e+02
4.928020000000000000e+06,9.330309385365245589e+01
4.928952000000000000e+06,7.328567955493780062e+01
4.929888000000000000e+06,8.264389220894291554e+01
4.930824000000000000e+06,7.824052530533251115e+01
4.931760000000000000e+06,6.295810750417539481e+01
4.932692000000000000e+06,4.104764694058428631e+01
4.933628000000000000e+06,1.792954255453024714e+01
4.934564000000000000e+06,3.300262545007783821e+00
4.935500000000000000e+06,-5.837053983741206764e+00
4.936432000000000000e+06,-2.301270316920217596e+01
4.937368000000000000e+06,-5.099223203518154435e+01
4.938304000000000000e+06,-5.700106254822102159e+01
4.939240000000000000e+06,-8.459399168533643376e+01
4.940172000000000000e+06,-1.036226221414319468e+02
4.941108000000000000e+06,-1.204575238609552201e+02
4.942044000000000000e+06,-1.478170711169183846e+02
4.942980000000000000e+06,-1.795888270725657776e+02
4.943912000000000000e+06,-1.961505013810427727e+02
4.944848000000000000e+06,-2.208973830375437046e+02
4.945784000000000000e+06,-2.823236063653037604e+02
4.946720000000000000e+06,-3.068386364373072865e+02
4.947652000000000000e+06,-3.220926022134383970e+02
4.948588000000000000e+06,-3.435141350179948745e+02
4.949524000000000000e+06,-3.647011618270342979e+02
4.950460000000000000e+06,-3.614229875700617072e+02
4.951392000000000000e+06,-4.030579077253133846e+02
4.952328000000000000e+06,-4.097578917037105271e+02
4.953264000000000000e+06,-4.539601738812059466e+02
4.954200000000000000e+06,-4.395179503822789684e+02
4.955132000000000000e+06,-4.506874056712106835e+02
4.956068000000000000e+06,-4.444371744650738378e+02
4.957004000000000000e+06,-4.480017265964330022e+02
4.957940000000000000e+06,-4.544590234477115587e+02
4.958872000000000000e+06,-4.487565578450668227e+02
4.959808000000000000e+06,-4.603117199813161164e+02
4.960744000000000000e+06,-4.539860874936918549e+02
4.961680000000000000e+06,-4.280257963405674673e+02
4.962612000000000000e+06,-4.276981487036177327e+02
4.963548000000000000e+06,-4.069478918621961725e+02
4.964484000000000000e+06,-3.883309225652753298e+02
4.965420000000000000e+06,-3.773449095114463603e+02
4.966352000000000000e+06,-3.937873185139424095e+02
4.967288000000000000e+06,-3.707516643505559841e+02
4.968224000000000000e+06,-3.471009457871763288e+02
4.969160000000000000e+06,-3.436786446253098006e+02
4.970092000000000000e+06,-3.732873483951000821e+02
4.971028000000000000e+06,-3.616779719889264584e+02
4.971964000000000000e+06,-3.380325749325970150e+02
4.972900000000000000e+06,-3.552532253379402505e+02
4.973832000000000000e+06,-3.656796518651278802e+02
4.974768000000000000e+06,-3.725284607341690730e+02
4.975704000000000000e+06,-3.811562104671743327e+02
4.976640000000000000e+06,-3.998393020481877329e+02
4.977572000000000000e+06,-4.010228174436432482e+02
4.978508000000000000e+06,-4.028410191583942606e+02
4.979444000000000000e+06,-3.811069151384184579e+02
4.980380000000000000e+06,-3.941607275535769190e+02
4.981312000000000000e+06,-4.241112439667104468e+02
4.982248000000000000e+06,-4.422451736721109796e+02
4.983184000000000000e+06,-4.587024495128518993e+02
4.984120000000000000e+06,-4.938272802207583254e+02
4.985052000000000000e+06,-5.077724352665237575e+02
4.985988000000000000e+06,-5.250785763583019161e+02
4.986924000000000000e+06,-5.498122966879693649e+02
4.987860000000000000e+06,-5.491515124280610962e+02
4.988792000000000000e+06,-5.796674299779073181e+02
4.989728000000000000e+06,-6.266229125709837717e+02
4.990664000000000000e+06,-6.344310298588395653e+02
4.991600000000000000e+06,-6.300919760009156789e+02
4.992532000000000000e+06,-6.276387392287659850e+02
4.993468000000000000e+06,-6.521814649409855065e+02
4.994404000000000000e+06,-6.689845257059917003e+02
4.995340000000000000e+06,-6.704724447782914467e+02
4.996272000000000000e+06,-6.754564116574474610e+02
4.997208000000000000e+06,-7.023132911511436305e+02
4.998148000000000000e+06,-7.078418693968451407e+02
4.999080000000000000e+06,-6.959208437602346748e+02
5.000012000000000000e+06,-6.874574111304355029e+02
5.000948000000000000e+06,-7.172944218103779122e+02
5.001884000000000000e+06,-7.399622988804084116e+02
5.002820000000000000e+06,-7.339700798823485002e+02
5.003752000000000000e+06,-7.474366154000972529e+02
5.004688000000000000e+06,-7.867342073251785450e+02
5.005624000000000000e+06,-7.784994862514238321e+02
5.006560000000000000e+06,-7.801953009640284336e+02
5.007492000000000000e+06,-8.086387226505813715e+02
5.008428000000000000e+06,-8.331757911180339988e+02
5.009364000000000000e+06,-8.503086439412247728e+02
5.010300000000000000e+06,-8.751244820993026678e+02
5.011232000000000000e+06,-8.989432414256700667e+02
5.012168000000000000e+06,-9.033789483247979888e+02
5.013104000000000000e+06,-9.079310849624449702e+02
5.014040000000000000e+06,-9.174298970012503105e+02
5.014972000000000000e+06,-9.312845276544260287e+02
5.015908000000000000e+06,-9.651237649128802332e+02
5.016844000000000000e+06,-9.713388645927811922e+02
5.017780000000000000e+06,-9.605926569327193647e+02
5.018712000000000000e+06,-9.889225096080933781e+02
5.019656000000000000e+06,-1.032932716925616887e+03
5.020584000000000000e+06,-9.931320851638837439e+02
5.021520000000000000e+06,-9.879233965414125578e+02
5.022452000000000000e+06,-9.960771329879141831e+02
5.023388000000000000e+06,-9.745163472307374377e+02
5.024324000000000000e+06,-1.002215739647016676e+03
5.025260000000000000e+06,-1.002759690390807691e+03
5.026192000000000000e+06,-9.930393933276565122e+02
5.027128000000000000e+06,-9.748676283987451825e+02
5.028064000000000000e+06,-9.655918849439849510e+02
5.029000000000000000e+06,-9.636464902096245169e+02
5.029932000000000000e+06,-9.170685270646413301e+02
5.030868000000000000e+06,-9.599683926237629521e+02
5.031804000000000000e+06,-9.689931491353896718e+02
5.032740000000000000e+06,-9.462603054649905516e+02
5.033672000000000000e+06,-9.428630795166099006e+02
5.034608000000000000e+06,-9.384109797967458917e+02
5.035544000000000000e+06,-9.399051609811436947e+02
5.036480000000000000e+06,-9.153412900851939185e+02
5.037412000000000000e+06,-9.397118660552422398e+02
5.038348000000000000e+06,-9.167282523916697983e+02
5.039284000000000000e+06,-8.985395532380994155e+02
5.040220000000000000e+06,-9.208250399598134663e+02
5.041160000000000000e+06,-8.814042974282562000e+02
5.042088000000000000e+06,-8.908589069566754688e+02
5.043024000000000000e+06,-8.736891465468232809e+02
5.043960000000000000e+06,-8.841067690899814124e+02
5.044892000000000000e+06,-8.875523214195840183e+02
5.045828000000000000e+06,-8.737801635581479331e+02
5.046764000000000000e+06,-8.844179630273703197e+02
5.047700000000000000e+06,-8.852122209016307579e+02
5.048632000000000000e+06,-8.733980126110377569e+02
5.049568000000000000e+06,-8.556009495198002242e+02
5.050504000000000000e+06,-8.835235380532636782e+02
5.051440000000000000e+06,-8.885030805551488129e+02
5.052372000000000000e+06,-8.847320485815304210e+02
5.053308000000000000e+06,-8.835220464907989708e+02
5.054244000000000000e+06,-9.177481080824320543e+02
5.055180000000000000e+06,-9.202340278232852597e+02
5.056112000000000000e+06,-9.012842479850842210e+02
5.057048000000000000e+06,-9.266692945285848282e+02
5.057984000000000000e+06,-9.369818501001949471e+02
5.058920000000000000e+06,-9.509941240048082136e+02
5.059852000000000000e+06,-9.727170059425791351e+02
5.060788000000000000e+06,-1.000982577156414891e+03
5.061724000000000000e+06,-9.902124307566432435e+02
5.062664000000000000e+06,-1.032436432665631401e+03
5.063592000000000000e+06,-1.052225091699668155e+03
5.064528000000000000e+06,-1.058139720503406807e+03
5.065464000000000000e+06,-1.078366812631946004e+03
5.066400000000000000e+06,-1.076725852100614020e+03
5.067332000000000000e+06,-1.091996822626090989e+03
5.068268000000000000e+06,-1.111348333754232499e+03
5.069204000000000000e+06,-1.110866081526762173e+03
5.070140000000000000e+06,-1.147054400871279540e+03
5.071072000000000000e+06,-1.143033464591509755e+03
5.072008000000000000e+06,-1.147818654723998634e+03
5.072944000000000000e+06,-1.160681937248645454e+03
5.073880000000000000e+06,-1.161504726386360971e+03
5.074812000000000000e+06,-1.148660359188704206e+03
5.075748000000000000e+06,-1.149153004545761178e+03
5.076684000000000000e+06,-1.157401197372953675e+03
5.077620000000000000e+06,-1.168627368755896441e+03
5.078552000000000000e+06,-1.132412553996037104e+03
5.079488000000000000e+06,-1.112048017039720662e+03
5.080424000000000000e+06,-1.079831518423414991e+03
5.081360000000000000e+06,-1.083747536375065010e+03
5.082292000000000000e+06,-1.078811916408006482e+03
5.083228000000000000e+06,-1.038729950540987602e+03
5.084168000000000000e+06,-9.967930060903091771e+02
5.085100000000000000e+06,-9.981159449915637651e+02
5.086032000000000000e+06,-9.570375323712439695e+02
5.086968000000000000e+06,-8.990788355735601272e+02
5.087904000000000000e+06,-8.594158844058263185e+02
5.088840000000000000e+06,-8.274994248880354917e+02
5.089772000000000000e+06,-7.883460514269709165e+02
5.090708000000000000e+06,-7.196839385389105246e+02
5.091644000000000000e+06,-6.637495633505840260e+02
5.092580000000000000e+06,-6.143960766363823041e+02
5.093512000000000000e+06,-5.754624446980991479e+02
5.094448000000000000e+06,-5.410862262153716529e+02
5.095384000000000000e+06,-4.968213232042801337e+02
5.096320000000000000e+06,-4.659121329647427387e+02
5.097252000000000000e+06,-4.109574863293707381e+02
5.098188000000000000e+06,-3.565540893750107898e+02
5.099124000000000000e+06,-3.191865311162381431e+02
5.100060000000000000e+06,-3.362408618870618966e+02
5.100992000000000000e+06,-2.788707834567345571e+02
5.101928000000000000e+06,-2.314988348474328461e+02
5.102864000000000000e+06,-1.928628496835860346e+02
5.103800000000000000e+06,-1.942205133574742320e+02
5.104732000000000000e+06,-1.467847745670902100e+02
5.105676000000000000e+06,-9.595946107743520770e+01
5.106604000000000000e+06,-1.123513290819087445e+02
5.107540000000000000e+06,-8.533519466118652019e+01
5.108472000000000000e+06,-7.755932856019806820e+01
5.109408000000000000e+06,-2.510405189488036726e+01
5.110344000000000000e+06,-4.414895767522526171e+01
5.111280000000000000e+06,-3.375888856717686082e+01
5.112212000000000000e+06,-3.243114337259028979e+00
5.113148000000000000e+06,1.043910615708683309e+01
5.114084000000000000e+06,-5.084802636800266562e+00
5.115020000000000000e+06,2.271755649310689851e+00
5.115952000000000000e+06,-3.878943399668901559e+00
5.116888000000000000e+06,9.060034384922946771e+00
5.117824000000000000e+06,3.821094508616119612e+01
5.118760000000000000e+06,2.148141540228986912e+01
5.119692000000000000e+06,9.172760188341037235e+00
5.120628000000000000e+06,1.683791588374141668e+01
5.121564000000000000e+06,-3.486539136223397506e+00
5.122500000000000000e+06,-2.244521188613665075e+01
5.123432000000000000e+06,-1.261846236343017402e+01
5.124368000000000000e+06,-1.643895931355387674e+01
5.125304000000000000e+06,-3.279819436987033754e+01
5.126240000000000000e+06,-6.541113691072963832e+01
5.127180000000000000e+06,-5.651873335646916985e+01
5.128108000000000000e+06,-5.264697888596530362e+01
5.129044000000000000e+06,-6.673716428786725885e+01
5.129980000000000000e+06,-1.141242998699247693e+02
5.130912000000000000e+06,-9.190228927620549371e+01
5.131848000000000000e+06,-9.426350826424689444e+01
5.132784000000000000e+06,-1.219264054523448380e+02
5.133720000000000000e+06,-1.560084600244748287e+02
5.134652000000000000e+06,-1.770031933033792484e+02
5.135588000000000000e+06,-1.857071877167499849e+02
5.136524000000000000e+06,-2.079243270359359030e+02
5.137460000000000000e+06,-2.335073889561027158e+02
5.138392000000000000e+06,-2.445247794031316459e+02
5.139328000000000000e+06,-2.525479189904131374e+02
5.140264000000000000e+06,-2.556179428811179548e+02
5.141200000000000000e+06,-2.802313213615145173e+02
5.142132000000000000e+06,-3.223175683797704778e+02
5.143068000000000000e+06,-3.151488158534476156e+02
5.144004000000000000e+06,-3.124257351470752155e+02
5.144940000000000000e+06,-3.580062895889866468e+02
5.145872000000000000e+06,-3.550630726118976668e+02
5.146808000000000000e+06,-3.858459814158251220e+02
5.147744000000000000e+06,-3.841315323343256978e+02
5.148684000000000000e+06,-4.079502941153729125e+02
5.149612000000000000e+06,-4.453333005603632841e+02
5.150548000000000000e+06,-4.470382078206699248e+02
5.151484000000000000e+06,-4.297704336312712030e+02
5.152420000000000000e+06,-4.490975388852522201e+02
5.153352000000000000e+06,-4.784482948542773215e+02
5.154288000000000000e+06,-4.708808927775846200e+02
5.155224000000000000e+06,-4.942746470895917241e+02
5.156160000000000000e+06,-5.116758061892359706e+02
5.157092000000000000e+06,-5.225523162023386021e+02
5.158028000000000000e+06,-5.257077963697496443e+02
5.158964000000000000e+06,-5.410159837937451357e+02
5.159900000000000000e+06,-5.643075998714581374e+02
5.160832000000000000e+06,-5.677532776725272470e+02
5.161768000000000000e+06,-5.849040015651011117e+02
5.162704000000000000e+06,-5.836334254432604212e+02
5.163640000000000000e+06,-6.113881599221706438e+02
5.164572000000000000e+06,-6.162878881132427296e+02
5.165508000000000000e+06,-6.104383616679313036e+02
5.166444000000000000e+06,-6.172148348991079274e+02
5.167380000000000000e+06,-6.530192565535285212e+02
5.168312000000000000e+06,-6.323272555226599252e+02
5.169248000000000000e+06,-6.507834722496700124e+02
5.170188000000000000e+06,-6.834878818506609832e+02
5.171120000000000000e+06,-6.767878293914870937e+02
5.172052000000000000e+06,-6.494788102335152189e+02
5.172988000000000000e+06,-6.439066115508405801e+02
5.173924000000000000e+06,-6.439429411501274672e+02
5.174860000000000000e+06,-6.443224952573887094e+02
5.175792000000000000e+06,-6.499077104164083494e+02
5.176728000000000000e+06,-6.886090381541690704e+02
5.177664000000000000e+06,-6.555179074484469766e+02
5.178600000000000000e+06,-6.673590191387228288e+02
5.179532000000000000e+06,-6.836245659618359696e+02
5.180468000000000000e+06,-7.062290426433546600e+02
5.181404000000000000e+06,-6.910097199470347960e+02
5.182340000000000000e+06,-7.181158913933159056e+02
5.183272000000000000e+06,-7.229928101623833072e+02
5.184208000000000000e+06,-7.417695695138090741e+02
5.185144000000000000e+06,-7.714859446971754551e+02
5.186080000000000000e+06,-7.663407676505063364e+02
5.187012000000000000e+06,-7.717991052056850094e+02
5.187948000000000000e+06,-8.065393067118894805e+02
5.188884000000000000e+06,-8.509630735269737443e+02
5.189820000000000000e+06,-8.526914112217957609e+02
5.190752000000000000e+06,-9.002548936181203771e+02
5.191696000000000000e+06,-9.511971675283941750e+02
5.192624000000000000e+06,-9.676284621119779104e+02
5.193560000000000000e+06,-9.884679035741178268e+02
5.194492000000000000e+06,-1.014592293851587101e+03
5.195428000000000000e+06,-1.031785956005574008e+03
5.196364000000000000e+06,-1.063702952981839417e+03
5.197300000000000000e+06,-1.091364816284867857e+03
5.198232000000000000e+06,-1.107358782475457701e+03
5.199168000000000000e+06,-1.117064554436745539e+03
5.200104000000000000e+06,-1.126684207696029034e+03
5.201040000000000000e+06,-1.173442248702958295e+03
5.201972000000000000e+06,-1.192516257120734508e+03
5.202908000000000000e+06,-1.186296039378775731e+03
5.203844000000000000e+06,-1.214459391251530405e+03
5.204780000000000000e+06,-1.232196809578146940e+03
5.205712000000000000e+06,-1.234955344100133743e+03
5.206648000000000000e+06,-1.233526638927882686e+03
5.207584000000000000e+06,-1.212530698076954423e+03
5.208520000000000000e+06,-1.194435177500241480e+03
5.209452000000000000e+06,-1.220659362634778745e+03
5.210388000000000000e+06,-1.216835277820162219e+03
5.211324000000000000e+06,-1.167211190964816751e+03
5.212260000000000000e+06,-1.135485178070831353e+03
5.213200000000000000e+06,-1.099221371287398824e+03
5.214128000000000000e+06,-1.086508414377577083e+03
5.215064000000000000e+06,-1.068337147726281273e+03
5.216000000000000000e+06,-1.034445906566092162e+03
5.216932000000000000e+06,-9.838758984163616788e+02
5.217868000000000000e+06,-9.366168770786410960e+02
5.218804000000000000e+06,-8.866796806700382376e+02
5.219740000000000000e+06,-8.768020983856799830e+02
5.220672000000000000e+06,-8.243846146441308065e+02
5.221608000000000000e+06,-7.915854621092831849e+02
5.222544000000000000e+06,-7.307219246032760793e+02
5.223480000000000000e+06,-6.770815488998637193e+02
5.224412000000000000e+06,-6.180429137386033744e+02
5.225348000000000000e+06,-5.846115012843972636e+02
5.226284000000000000e+06,-5.583192357032411337e+02
5.227220000000000000e+06,-4.999616490791840988e+02
5.228152000000000000e+06,-4.456398509444785532e+02
5.229088000000000000e+06,-3.868042987625594833e+02
5.230024000000000000e+06,-3.994721091154471537e+02
5.230960000000000000e+06,-3.355193923357959420e+02
5.231892000000000000e+06,-2.958866183237311702e+02
5.232828000000000000e+06,-2.605354325702348888e+02
5.233764000000000000e+06,-2.212554226808775866e+02
5.234704000000000000e+06,-1.781318239474899485e+02
5.235632000000000000e+06,-1.444811059559687294e+02
5.236568000000000000e+06,-1.393810682041302584e+02
5.237504000000000000e+06,-1.014350619083717504e+02
5.238440000000000000e+06,-9.228612864328086118e+01
5.239372000000000000e+06,-5.498960791985096108e+01
5.240308000000000000e+06,-4.764890205581792770e+01
5.241244000000000000e+06,-6.582656280557756645e+01
5.242180000000000000e+06,-7.997438940306872723e+01
5.243112000000000000e+06,-5.883591108331285824e+01
5.244048000000000000e+06,-5.594389035777149388e+01
5.244984000000000000e+06,-8.742268173171484591e+01
5.245920000000000000e+06,-9.935736345838152772e+01
5.246852000000000000e+06,-1.268982534187437210e+02
5.247788000000000000e+06,-1.178948180902109044e+02
5.248724000000000000e+06,-1.287089851582503286e+02
5.249660000000000000e+06,-1.982527285335403633e+02
5.250592000000000000e+06,-2.094538072296562348e+02
5.251528000000000000e+06,-2.256744409746825681e+02
5.252464000000000000e+06,-2.723068269544410214e+02
5.253400000000000000e+06,-3.005527313060651977e+02
5.254332000000000000e+06,-3.244450478160668467e+02
5.255268000000000000e+06,-3.705935567813065745e+02
5.256208000000000000e+06,-3.892957714418499791e+02
5.257140000000000000e+06,-4.231705156924556377e+02
5.258072000000000000e+06,-4.560857621794532406e+02
5.259008000000000000e+06,-4.869103775077235809e+02
5.259944000000000000e+06,-4.792214370844172322e+02
5.260880000000000000e+06,-5.328739848755360526e+02
5.261812000000000000e+06,-5.675712601016816734e+02
5.262748000000000000e+06,-6.130381058498632001e+02
5.263684000000000000e+06,-6.337301649696889854e+02
5.264620000000000000e+06,-6.765860250492565910e+02
5.265552000000000000e+06,-7.108360416562991304e+02
5.266488000000000000e+06,-7.370748665345615791e+02
5.267424000000000000e+06,-7.648512163066058065e+02
5.268360000000000000e+06,-7.902827869429578413e+02
5.269292000000000000e+06,-8.066888682645013660e+02
5.270228000000000000e+06,-8.505104460975204574e+02
5.271164000000000000e+06,-8.456451766873597080e+02
5.272100000000000000e+06,-8.617828419330799079e+02
5.273032000000000000e+06,-8.809909155312428766e+02
5.273968000000000000e+06,-9.028274632096147343e+02
5.274904000000000000e+06,-9.402129876596027316e+02
5.275840000000000000e+06,-9.672000837183119302e+02
5.276772000000000000e+06,-9.826246329323764712e+02
5.277716000000000000e+06,-9.805762203638859091e+02
5.278644000000000000e+06,-9.817203052870559077e+02
5.279580000000000000e+06,-9.986205812835952429e+02
5.280512000000000000e+06,-1.021675580646856019e+03
5.281448000000000000e+06,-1.046497680507139648e+03
5.282384000000000000e+06,-1.068968858564807988e+03
5.283320000000000000e+06,-1.080769004041265134e+03
5.284252000000000000e+06,-1.088296829158965693e+03
5.285188000000000000e+06,-1.084536220742390469e+03
5.286124000000000000e+06,-1.118321199071119281e+03
5.287060000000000000e+06,-1.143264038764347561e+03
5.287992000000000000e+06,-1.130286804756708761e+03
5.288928000000000000e+06,-1.187645896057874552e+03
5.289864000000000000e+06,-1.237253939974850482e+03
5.290800000000000000e+06,-1.255225054561520665e+03
5.291732000000000000e+06,-1.252444727807812114e+03
5.292668000000000000e+06,-1.244042262805318842e+03
5.293604000000000000e+06,-1.254057849646346085e+03
5.294540000000000000e+06,-1.264187974837289403e+03
5.295472000000000000e+06,-1.299606001313328989e+03
5.296408000000000000e+06,-1.296555071355908240e+03
5.297344000000000000e+06,-1.289071693373120070e+03
5.298280000000000000e+06,-1.298272195821999048e+03
5.299220000000000000e+06,-1.319026554591780723e+03
5.300148000000000000e+06,-1.293008646859471810e+03
5.301084000000000000e+06,-1.275822458466314401e+03
5.302020000000000000e+06,-1.274042341501844021e+03
5.302952000000000000e+06,-1.253550985531196147e+03
5.303888000000000000e+06,-1.265995859804853126e+03
5.304824000000000000e+06,-1.223930635311882497e+03
5.305760000000000000e+06,-1.202155866403945083e+03
5.306692000000000000e+06,-1.175645861399039859e+03
5.307628000000000000e+06,-1.164374203644943691e+03
5.308564000000000000e+06,-1.142582142265065841e+03
5.309500000000000000e+06,-1.102903267889437075e+03
5.310432000000000000e+06,-1.072476722037664103e+03
5.311368000000000000e+06,-1.050684646968422157e+03
5.312304000000000000e+06,-1.013300283446507478e+03
5.313240000000000000e+06,-9.985965698399976418e+02
5.314172000000000000e+06,-9.794817555021937778e+02
5.315108000000000000e+06,-9.451205229793051785e+02
5.316044000000000000e+06,-8.962334258255417581e+02
5.316980000000000000e+06,-8.541591354320321443e+02
5.317912000000000000e+06,-8.401315839549096154e+02
5.318848000000000000e+06,-8.004818991789230722e+02
5.319784000000000000e+06,-8.065475165716813990e+02
5.320724000000000000e+06,-7.580931865368224862e+02
5.321652000000000000e+06,-7.236877326488216795e+02
5.322588000000000000e+06,-7.016971456889890533e+02
5.323524000000000000e+06,-6.711692578440294028e+02
5.324460000000000000e+06,-6.439609785487966747e+02
5.325392000000000000e+06,-6.201963409127221212e+02
5.326328000000000000e+06,-5.980390191210435660e+02
5.327264000000000000e+06,-5.957077491604485431e+02
5.328200000000000000e+06,-5.823823719103053236e+02
5.329132000000000000e+06,-6.052098287708416819e+02
5.330068000000000000e+06,-5.812565538326143724e+02
5.331004000000000000e+06,-5.925738993002596544e+02
5.331940000000000000e+06,-6.000829235853377668e+02
5.332872000000000000e+06,-6.008604398094150838e+02
5.333808000000000000e+06,-5.748118565734102958e+02
5.334744000000000000e+06,-5.728107923482923525e+02
5.335680000000000000e+06,-6.040727814457661680e+02
5.336612000000000000e+06,-5.883202640506173111e+02
5.337548000000000000e+06,-5.814858109043519789e+02
5.338484000000000000e+06,-5.720206901802608854e+02
5.339420000000000000e+06,-5.788902336144755054e+02
5.340352000000000000e+06,-5.572938114103938005e+02
5.341288000000000000e+06,-5.676327600370453865e+02
5.342228000000000000e+06,-5.385741181329254914e+02
5.343160000000000000e+06,-5.400567298012607580e+02
5.344092000000000000e+06,-5.029098231855269887e+02
5.345028000000000000e+06,-4.851497921414824646e+02
5.345964000000000000e+06,-4.765720826077256334e+02
5.346900000000000000e+06,-4.419009648840334989e+02
5.347832000000000000e+06,-4.040523720558000491e+02
5.348768000000000000e+06,-3.744445682366939536e+02
5.349704000000000000e+06,-3.484871326951716810e+02
5.350640000000000000e+06,-3.347778812285185381e+02
5.351572000000000000e+06,-2.898411789102520402e+02
5.352508000000000000e+06,-2.640643059026491528e+02
5.353444000000000000e+06,-2.169233106790961187e+02
5.354380000000000000e+06,-1.969803937576122621e+02
5.355312000000000000e+06,-1.442936713288652868e+02
5.356248000000000000e+06,-6.908757219927082360e+01
5.357184000000000000e+06,-3.107268533077025197e+01
5.358120000000000000e+06,3.353341934200153673e+01
5.359052000000000000e+06,7.287617354769832900e+01
5.359988000000000000e+06,9.682796299649430694e+01
5.360924000000000000e+06,1.818719913614332597e+02
5.361860000000000000e+06,2.223487899159292169e+02
5.362792000000000000e+06,2.813234684886211312e+02
5.363732000000000000e+06,3.142185993725939852e+02
5.364664000000000000e+06,3.399838086550366825e+02
5.365600000000000000e+06,4.050586085049936855e+02
5.366532000000000000e+06,4.394348157019719565e+02
5.367468000000000000e+06,4.667234816974005867e+02
5.368404000000000000e+06,4.893170594260145094e+02
5.369340000000000000e+06,5.186520536243740480e+02
5.370272000000000000e+06,5.589178217633103714e+02
5.371208000000000000e+06,6.174695254468565508e+02
5.372144000000000000e+06,6.098142490065968104e+02
5.373080000000000000e+06,6.297424141517088856e+02
5.374012000000000000e+06,6.688106007988707233e+02
5.374948000000000000e+06,6.621647383018029132e+02
5.375884000000000000e+06,6.850162856023201812e+02
5.376820000000000000e+06,6.758856512799191023e+02
5.377752000000000000e+06,6.591760487908303503e+02
5.378688000000000000e+06,6.850379271547949429e+02
5.379624000000000000e+06,6.894192984373875106e+02
5.380560000000000000e+06,6.658221867243184988e+02
5.381492000000000000e+06,6.670438370031962450e+02
5.382428000000000000e+06,6.421064832324981353e+02
5.383364000000000000e+06,6.372788960724182061e+02
5.384300000000000000e+06,6.276617796846207966e+02
5.385236000000000000e+06,5.973180254268513636e+02
5.386168000000000000e+06,6.426371830283017061e+02
5.387104000000000000e+06,6.314470164754277448e+02
5.388040000000000000e+06,6.148670128503428032e+02
5.388972000000000000e+06,6.007266903776007894e+02
5.389908000000000000e+06,5.600196554243301534e+02
5.390844000000000000e+06,5.743458506536488812e+02
5.391780000000000000e+06,5.708127352837706212e+02
5.392712000000000000e+06,5.562911210695941691e+02
5.393648000000000000e+06,5.669890749528364040e+02
5.394584000000000000e+06,5.505335543465926094e+02
5.395520000000000000e+06,5.481666703437686010e+02
5.396452000000000000e+06,5.373415543856762042e+02
5.397388000000000000e+06,5.153988865691241017e+02
5.398324000000000000e+06,5.170150742778595259e+02
5.399260000000000000e+06,5.171145094215775089e+02
5.400192000000000000e+06,5.172426613733669001e+02
5.401128000000000000e+06,5.401331223164426092e+02
5.402064000000000000e+06,5.462583472260158715e+02
5.403000000000000000e+06,5.307749159471370604e+02
5.403932000000000000e+06,5.231404297914176595e+02
5.404868000000000000e+06,5.299706880419511208e+02
5.405804000000000000e+06,5.408583235444101547e+02
5.406740000000000000e+06,5.727993917673692295e+02
5.407672000000000000e+06,5.954906064577269262e+02
5.408608000000000000e+06,6.197969884347787684e+02
5.409544000000000000e+06,6.012152417018888855e+02
5.410480000000000000e+06,6.166091288532306862e+02
5.411412000000000000e+06,6.270668737385851728e+02
5.412348000000000000e+06,6.589826953972682304e+02
5.413284000000000000e+06,6.471496606724122103e+02
5.414220000000000000e+06,6.561075127269421046e+02
5.415152000000000000e+06,6.910058917290589307e+02
5.416088000000000000e+06,7.016120757875816025e+02
5.417024000000000000e+06,7.142441617651422803e+02
5.417960000000000000e+06,7.066101298803897635e+02
5.418892000000000000e+06,7.280927877130509387e+02
5.419828000000000000e+06,7.161801462899333046e+02
5.420764000000000000e+06,7.124539033253023490e+02
5.421700000000000000e+06,7.487564047415719415e+02
5.422632000000000000e+06,7.539517016113627506e+02
5.423568000000000000e+06,7.333551788836574588e+02
5.424504000000000000e+06,7.600905116547072566e+02
5.425440000000000000e+06,7.637101012894192991e+02
5.426372000000000000e+06,7.710149598666109796e+02
5.427308000000000000e+06,7.841399378674423133e+02
5.428244000000000000e+06,7.712915417469680506e+02
5.429180000000000000e+06,7.582513126842517295e+02
5.430112000000000000e+06,7.774087732393518309e+02
5.431048000000000000e+06,7.897587688012486069e+02
5.431984000000000000e+06,7.789058814280012939e+02
5.432920000000000000e+06,7.947996471955071911e+02
5.433852000000000000e+06,7.927048387390902917e+02
5.434788000000000000e+06,8.046574076238367752e+02
5.435724000000000000e+06,8.033021587577881064e+02
5.436660000000000000e+06,7.962610630282878219e+02
5.437592000000000000e+06,8.041361633289442352e+02
5.438528000000000000e+06,8.342249527397178781e+02
5.439464000000000000e+06,8.408301395538721863e+02
5.440400000000000000e+06,8.128887184503823846e+02
5.441332000000000000e+06,8.414854384364722364e+02
5.443204000000000000e+06,8.445686468789857599e+02
5.444140000000000000e+06,8.539819894825735673e+02
5.445072000000000000e+06,8.697173955296490249e+02
5.446008000000000000e+06,8.585939785306032945e+02
5.446944000000000000e+06,8.625131715654758864e+02
5.447880000000000000e+06,8.926372065348663227e+02
5.448812000000000000e+06,8.966408139113445941e+02
5.449748000000000000e+06,8.709007477233939198e+02
5.450684000000000000e+06,8.994892198549141540e+02
5.451620000000000000e+06,9.265127678776080984e+02
5.452552000000000000e+06,9.419456468729730432e+02
5.453488000000000000e+06,9.379634929854979646e+02
5.454424000000000000e+06,9.559459656618475947e+02
5.455360000000000000e+06,9.666935388758511181e+02
5.456292000000000000e+06,9.778991617700829693e+02
5.457228000000000000e+06,9.780424916770980417e+02
5.458164000000000000e+06,9.946990039108425208e+02
5.459100000000000000e+06,1.007300310659683305e+03
5.460032000000000000e+06,1.040799273085276809e+03
5.460968000000000000e+06,1.030719625363171872e+03
5.461904000000000000e+06,1.016495754550143602e+03
5.462840000000000000e+06,1.017828722427276148e+03
5.463772000000000000e+06,1.020360329287545596e+03
5.464708000000000000e+06,1.009914108622799745e+03
5.465644000000000000e+06,1.017529140839575575e+03
5.466580000000000000e+06,1.015321896759653896e+03
5.467512000000000000e+06,1.012675879866704008e+03
5.468448000000000000e+06,9.841572216043645085e+02
5.469384000000000000e+06,9.790856176081630338e+02
5.470320000000000000e+06,9.762341357882484090e+02
5.471252000000000000e+06,9.860094214796597498e+02
5.472188000000000000e+06,9.972142527655495314e+02
5.473124000000000000e+06,9.686892365243671748e+02
5.474060000000000000e+06,9.574448775567633447e+02
5.474992000000000000e+06,9.739126931602276045e+02
5.475928000000000000e+06,1.005740501360524831e+03
5.476864000000000000e+06,9.884657423104462168e+02
5.477800000000000000e+06,1.008280008345150236e+03
5.478732000000000000e+06,9.714744789696436555e+02
5.479668000000000000e+06,1.012304851806746683e+03
5.480604000000000000e+06,1.005334088320380715e+03
5.481540000000000000e+06,1.013496934506158709e+03
5.482472000000000000e+06,1.020341982712075378e+03
5.483408000000000000e+06,1.059382250665027641e+03
5.484344000000000000e+06,1.043678662224596110e+03
5.485280000000000000e+06,1.061493507697178075e+03
5.486212000000000000e+06,1.092601299139021194e+03
5.487148000000000000e+06,1.110967478525272782e+03
5.488084000000000000e+06,1.124112316096197901e+03
5.489020000000000000e+06,1.119869673753127472e+03
5.489952000000000000e+06,1.145790008193738686e+03
5.490888000000000000e+06,1.183029930842214526e+03
5.491824000000000000e+06,1.188879103536300363e+03
5.492760000000000000e+06,1.206343101891117612e+03
5.493692000000000000e+06,1.212284483945568809e+03
5.494628000000000000e+06,1.249028002897722445e+03
5.495564000000000000e+06,1.263102122583004757e+03
5.496500000000000000e+06,1.288365139300257169e+03
5.497432000000000000e+06,1.299260316326033944e+03
5.498368000000000000e+06,1.335210853058286830e+03
5.499304000000000000e+06,1.365662781794099828e+03
5.500240000000000000e+06,1.409368933371453068e+03
5.501172000000000000e+06,1.442219941739878323e+03
5.502108000000000000e+06,1.432731361297802550e+03
5.503044000000000000e+06,1.461049531956299688e+03
5.503980000000000000e+06,1.484085907841872313e+03
5.504912000000000000e+06,1.515995950319842905e+03
5.505848000000000000e+06,1.512912145440024005e+03
5.506784000000000000e+06,1.536640487504026851e+03
5.508652000000000000e+06,1.542116435894706001e+03
5.509588000000000000e+06,1.557708578269083091e+03
5.510524000000000000e+06,1.574370187077277706e+03
5.511460000000000000e+06,1.590210772559328916e+03
5.512392000000000000e+06,1.604048302161708989e+03
5.513328000000000000e+06,1.600766158668078333e+03
5.514264000000000000e+06,1.611130744039244519e+03
5.515200000000000000e+06,1.632832763168605879e+03
5.516132000000000000e+06,1.638051134666099188e+03
5.517068000000000000e+06,1.642793435055104737e+03
5.518004000000000000e+06,1.653021633585736254e+03
5.518940000000000000e+06,1.678894298296352872e+03
5.519872000000000000e+06,1.657139159328484538e+03
5.520808000000000000e+06,1.672409621022390183e+03
5.521744000000000000e+06,1.681735720278368717e+03
5.522680000000000000e+06,1.694120696137283176e+03
5.523612000000000000e+06,1.691303589121923324e+03
5.524548000000000000e+06,1.710127767361834685e+03
5.525484000000000000e+06,1.705531482382775494e+03
5.526420000000000000e+06,1.704759830914914573e+03
5.527352000000000000e+06,1.709393342446747056e+03
5.528288000000000000e+06,1.735345523601309878e+03
5.529224000000000000e+06,1.734999404179111480e+03
5.530160000000000000e+06,1.714178318688779427e+03
5.531092000000000000e+06,1.732911551912271534e+03
5.532028000000000000e+06,1.741763455648033641e+03
5.532964000000000000e+06,1.758819319219536283e+03
5.533900000000000000e+06,1.764267103069126051e+03
5.534832000000000000e+06,1.767468384488499169e+03
5.535768000000000000e+06,1.770876925666701254e+03
5.536704000000000000e+06,1.803005533466651968e+03
5.537640000000000000e+06,1.797030308233964206e+03
5.538572000000000000e+06,1.815623458428163303e+03
5.539508000000000000e+06,1.814501956809587227e+03
5.540444000000000000e+06,1.861778596736485724e+03
5.541380000000000000e+06,1.889202913707402331e+03
5.542312000000000000e+06,1.889701626849053810e+03
5.543248000000000000e+06,1.926209154076687355e+03
5.544184000000000000e+06,1.935235730799153089e+03
5.545120000000000000e+06,1.948071743069695685e+03
5.546052000000000000e+06,1.992460261161930021e+03
5.546988000000000000e+06,1.978258235512368401e+03
5.547924000000000000e+06,2.030484342948175026e+03
5.548860000000000000e+06,2.024398867459439998e+03
5.549792000000000000e+06,2.031096376122756283e+03
5.550728000000000000e+06,2.027027576961771274e+03
5.551664000000000000e+06,2.056160958078075964e+03
5.552600000000000000e+06,2.052651076237312282e+03
5.553532000000000000e+06,2.052179849218499385e+03
5.554468000000000000e+06,2.063522077670629187e+03
5.555404000000000000e+06,2.055398473175482650e+03
5.556340000000000000e+06,2.038138047606056716e+03
5.557272000000000000e+06,2.027812280045516218e+03
5.558208000000000000e+06,2.027057976782046353e+03
5.559144000000000000e+06,2.009574328294016595e+03
5.560080000000000000e+06,1.978336766671038276e+03
5.561012000000000000e+06,2.008542366442949060e+03
5.561948000000000000e+06,1.970948602510351975e+03
5.562884000000000000e+06,1.944265469160427983e+03
5.563820000000000000e+06,1.928158179236001615e+03
5.564752000000000000e+06,1.912169533743151533e+03
5.565688000000000000e+06,1.914820452080409723e+03
5.566624000000000000e+06,1.894090678845604771e+03
5.567560000000000000e+06,1.856160897907064964e+03
5.568492000000000000e+06,1.807737669246331052e+03
5.569428000000000000e+06,1.821639869041187922e+03
5.570364000000000000e+06,1.804951759933726862e+03
5.571300000000000000e+06,1.759832468622751321e+03
5.572232000000000000e+06,1.750243966526343911e+03
5.574104000000000000e+06,1.725118492620750658e+03
5.575040000000000000e+06,1.718801732087302753e+03
5.575972000000000000e+06,1.690993454257503572e+03
5.576908000000000000e+06,1.703514006021984187e+03
5.577844000000000000e+06,1.658376543635441976e+03
5.578780000000000000e+06,1.633545260150084914e+03
5.579712000000000000e+06,1.672520184613460970e+03
5.580648000000000000e+06,1.658525034557160552e+03
5.581584000000000000e+06,1.646864624079504665e+03
5.582520000000000000e+06,1.653003045487294003e+03
5.583452000000000000e+06,1.657723938404557430e+03
5.584388000000000000e+06,1.648545769772978474e+03
5.585324000000000000e+06,1.655542940998908307e+03
5.586260000000000000e+06,1.650441319476916078e+03
5.587192000000000000e+06,1.611242094271505266e+03
5.588128000000000000e+06,1.646375717994228125e+03
5.589064000000000000e+06,1.648689630339145424e+03
5.590000000000000000e+06,1.652841885723669748e+03
5.590932000000000000e+06,1.644516218419113784e+03
5.591868000000000000e+06,1.667680217876731149e+03
5.592804000000000000e+06,1.641693005121815304e+03
5.593740000000000000e+06,1.643784920493540085e+03
5.594672000000000000e+06,1.646748850742638979e+03
5.595608000000000000e+06,1.650241776214070114e+03
5.596544000000000000e+06,1.640417305298227575e+03
5.597480000000000000e+06,1.647203905686116059e+03
5.598412000000000000e+06,1.658381911781683129e+03
5.599348000000000000e+06,1.645492268132550407e+03
5.600284000000000000e+06,1.659579907055932608e+03
5.601220000000000000e+06,1.627440496054459118e+03
5.602152000000000000e+06,1.623175280906265698e+03
5.603088000000000000e+06,1.630010027414470869e+03
5.604024000000000000e+06,1.629473351550858069e+03
5.604960000000000000e+06,1.611763973868892208e+03
5.605892000000000000e+06,1.629022133513195286e+03
5.606828000000000000e+06,1.587556041148162649e+03
5.607764000000000000e+06,1.590350280943952384e+03
5.608700000000000000e+06,1.589795142180477114e+03
5.609632000000000000e+06,1.583821660790494434e+03
5.610568000000000000e+06,1.543413522294655195e+03
5.611504000000000000e+06,1.522232910355675813e+03
5.612440000000000000e+06,1.514036749010853555e+03
5.613372000000000000e+06,1.493542793838796342e+03
5.614308000000000000e+06,1.469739245802509458e+03
5.615244000000000000e+06,1.458465144537702145e+03
5.616180000000000000e+06,1.434413653009527479e+03
5.617112000000000000e+06,1.412776189646929424e+03
5.618048000000000000e+06,1.379491771371079494e+03
5.618984000000000000e+06,1.340930340114583259e+03
5.619920000000000000e+06,1.331197202693252848e+03
5.620852000000000000e+06,1.290221637528744850e+03
5.621788000000000000e+06,1.221000077528882912e+03
5.622724000000000000e+06,1.209297725591958624e+03
5.623660000000000000e+06,1.168365265939550000e+03
5.624592000000000000e+06,1.162805610984793930e+03
5.625528000000000000e+06,1.135315126622256230e+03
5.626464000000000000e+06,1.095085338371684202e+03
5.627400000000000000e+06,1.069682867344502938e+03
5.628332000000000000e+06,1.051604081497534480e+03
5.629268000000000000e+06,1.003731748073376934e+03
5.630204000000000000e+06,1.006825187211841126e+03
5.631140000000000000e+06,9.765791846073569786e+02
5.632072000000000000e+06,9.832398566424473074e+02
5.633008000000000000e+06,9.652973586788473312e+02
5.633944000000000000e+06,9.682454610571496687e+02
5.634880000000000000e+06,9.554444446098174240e+02
5.635812000000000000e+06,9.263085374231413880e+02
5.636748000000000000e+06,9.193171054927009891e+02
5.637684000000000000e+06,9.132981735842885200e+02
5.638620000000000000e+06,9.256328315774176190e+02
5.639552000000000000e+06,9.270564476110458827e+02
5.640488000000000000e+06,8.926159887971566604e+02
5.641424000000000000e+06,9.105266151870728208e+02
5.642360000000000000e+06,8.948766504227373844e+02
5.643292000000000000e+06,8.845353950474221847e+02
5.644228000000000000e+06,8.967050535893183678e+02
5.645164000000000000e+06,8.928824363090117231e+02
5.646100000000000000e+06,9.135531246556349743e+02
5.647032000000000000e+06,9.152497239866024756e+02
5.647968000000000000e+06,9.236958400331019448e+02
5.648904000000000000e+06,9.130152357839402839e+02
5.649840000000000000e+06,9.290180994964472347e+02
5.650772000000000000e+06,9.445289416162356702e+02
5.651708000000000000e+06,9.372871813899480458e+02
5.652644000000000000e+06,9.515470949105049385e+02
5.653580000000000000e+06,9.445589684378545599e+02
5.654512000000000000e+06,9.373515479501339769e+02
5.655448000000000000e+06,9.440539990997249333e+02
5.656384000000000000e+06,9.783691977947919440e+02
5.657320000000000000e+06,9.903936093512612615e+02
5.658252000000000000e+06,9.949435718363737351e+02
5.659188000000000000e+06,1.005080013060931833e+03
5.660124000000000000e+06,1.022442982865243152e+03
5.661060000000000000e+06,9.680413700754754700e+02
5.661992000000000000e+06,9.759334887900459989e+02
5.662928000000000000e+06,1.003630894563699826e+03
5.663864000000000000e+06,1.009557473260097822e+03
5.664800000000000000e+06,1.008572199498554596e+03
5.665732000000000000e+06,1.014737201031500376e+03
5.666668000000000000e+06,1.055587819321176084e+03
5.667604000000000000e+06,1.061188795987690128e+03
5.668540000000000000e+06,1.057770796864780777e+03
5.669472000000000000e+06,1.078372166096936780e+03
5.670408000000000000e+06,1.123387082428209851e+03
5.671344000000000000e+06,1.108450872338625004e+03
5.672280000000000000e+06,1.080906807080228191e+03
5.673212000000000000e+06,1.115742939385701220e+03
5.674148000000000000e+06,1.105801310949775143e+03
5.675084000000000000e+06,1.105330791483828079e+03
5.676020000000000000e+06,1.135489853653513137e+03
5.676952000000000000e+06,1.156596684670368859e+03
5.677888000000000000e+06,1.142463144867894471e+03
5.678824000000000000e+06,1.136142360807902833e+03
5.679760000000000000e+06,1.180135410639775728e+03
5.680692000000000000e+06,1.163407545602677828e+03
5.681628000000000000e+06,1.185078034752983967e+03
5.682564000000000000e+06,1.182877748476004626e+03
5.683500000000000000e+06,1.194734147293943806e+03
5.684432000000000000e+06,1.187783488064384073e+03
5.685368000000000000e+06,1.163462147370785488e+03
5.686304000000000000e+06,1.167875047466935257e+03
5.687240000000000000e+06,1.147645597223351388e+03
5.688172000000000000e+06,1.174142644935080853e+03
5.689108000000000000e+06,1.139466018127940515e+03
5.690044000000000000e+06,1.132163602167242061e+03
5.690980000000000000e+06,1.128028024821230474e+03
5.691912000000000000e+06,1.130258647339830759e+03
5.692848000000000000e+06,1.134694048897047196e+03
5.693784000000000000e+06,1.162899255410384285e+03
5.694720000000000000e+06,1.130901362217139649e+03
5.695652000000000000e+06,1.134029500407261366e+03
5.696588000000000000e+06,1.143972813022239507e+03
5.697524000000000000e+06,1.130799228679922862e+03
5.698460000000000000e+06,1.129076485780250778e+03
5.699392000000000000e+06,1.164602980493957375e+03
5.700328000000000000e+06,1.167445356316316747e+03
5.701264000000000000e+06,1.174352896770688858e+03
5.702200000000000000e+06,1.224253251530161378e+03
5.703132000000000000e+06,1.238149562865831967e+03
5.704068000000000000e+06,1.247370014264189422e+03
5.705004000000000000e+06,1.292395051252104167e+03
5.705940000000000000e+06,1.313636295620372039e+03
5.706872000000000000e+06,1.349011355624465523e+03
5.707808000000000000e+06,1.366974902197955771e+03
5.708744000000000000e+06,1.392235060828490305e+03
5.709680000000000000e+06,1.412670097004354830e+03
5.710612000000000000e+06,1.455986223694912496e+03
5.711548000000000000e+06,1.489027992380782734e+03
5.712484000000000000e+06,1.519029404416456600e+03
5.713420000000000000e+06,1.542738552772654657e+03
5.714352000000000000e+06,1.570103079298903140e+03
5.715288000000000000e+06,1.584356791028099906e+03
5.716224000000000000e+06,1.592599564205171873e+03
5.717160000000000000e+06,1.643938537519637293e+03
5.718092000000000000e+06,1.667457123551169161e+03
5.719028000000000000e+06,1.680881716596856450e+03
5.719964000000000000e+06,1.693326859927222813e+03
5.720900000000000000e+06,1.710328726714738650e+03
5.721832000000000000e+06,1.729306436862127157e+03
5.722768000000000000e+06,1.748471825804830132e+03
5.723704000000000000e+06,1.759822773563019155e+03
5.724640000000000000e+06,1.787551675529233080e+03
5.725572000000000000e+06,1.796039496389544411e+03
5.726508000000000000e+06,1.825786865104319759e+03
5.727444000000000000e+06,1.835907813737954712e+03
5.728380000000000000e+06,1.819764226896017590e+03
5.729312000000000000e+06,1.858941521766417054e+03
5.730248000000000000e+06,1.874975579925403053e+03
5.731184000000000000e+06,1.867959190153438158e+03
5.732120000000000000e+06,1.865744215053914331e+03
5.733052000000000000e+06,1.905136714535117108e+03
5.733988000000000000e+06,1.901047712444377339e+03
5.734924000000000000e+06,1.887351918369472287e+03
5.735860000000000000e+06,1.894659303364151583e+03
5.736792000000000000e+06,1.898927912021781140e+03
5.737728000000000000e+06,1.900472139701264723e+03
5.738664000000000000e+06,1.930001789766239199e+03
5.739600000000000000e+06,1.927465781103383506e+03
5.740532000000000000e+06,1.922980206791436785e+03
5.741468000000000000e+06,1.904534888673859996e+03
5.742404000000000000e+06,1.892567309706022570e+03
5.743340000000000000e+06,1.912611846157108403e+03
5.744272000000000000e+06,1.911648699778547098e+03
5.745208000000000000e+06,1.893527599316957776e+03
5.746144000000000000e+06,1.867722794583842870e+03
5.747080000000000000e+06,1.843862268025316553e+03
5.748012000000000000e+06,1.895970701544120175e+03
5.748948000000000000e+06,1.855245996967775909e+03
5.749884000000000000e+06,1.812529405313636971e+03
5.750820000000000000e+06,1.796626910386979944e+03
5.751752000000000000e+06,1.793674475773456152e+03
5.752688000000000000e+06,1.737699061426571006e+03
5.753624000000000000e+06,1.752812724281176770e+03
5.754560000000000000e+06,1.742468044697816595e+03
5.755492000000000000e+06,1.683343844063176221e+03
5.756428000000000000e+06,1.671657228633632485e+03
5.757364000000000000e+06,1.653735555022138669e+03
5.758300000000000000e+06,1.636255754225717510e+03
5.759232000000000000e+06,1.610036763019417549e+03
5.760168000000000000e+06,1.610705612549752004e+03
5.761104000000000000e+06,1.558894462869635163e+03
5.762040000000000000e+06,1.562836347340942893e+03
5.762972000000000000e+06,1.567844789862924245e+03
5.763908000000000000e+06,1.547383582184288798e+03
5.764844000000000000e+06,1.550368306867416550e+03
5.765780000000000000e+06,1.535067529985762803e+03
5.766712000000000000e+06,1.518777213631809218e+03
5.767648000000000000e+06,1.498531401059835616e+03
5.768584000000000000e+06,1.488490851081088294e+03
5.769520000000000000e+06,1.474265924237750141e+03
5.770452000000000000e+06,1.459394616058518068e+03
5.771388000000000000e+06,1.472891781681739531e+03
5.772324000000000000e+06,1.467500608361665400e+03
5.773260000000000000e+06,1.437704049856204392e+03
5.774192000000000000e+06,1.460489619641413128e+03
5.775128000000000000e+06,1.422953364684889038e+03
5.776064000000000000e+06,1.415307060246322635e+03
5.777000000000000000e+06,1.412259255489073439e+03
5.777932000000000000e+06,1.408835978950377012e+03
5.778868000000000000e+06,1.391900708512575193e+03
5.779804000000000000e+06,1.380713279651718949e+03
5.780740000000000000e+06,1.414019106167340851e+03
5.781672000000000000e+06,1.405364755645174455e+03
5.782608000000000000e+06,1.409710471459441578e+03
5.783544000000000000e+06,1.388135060267992458e+03
5.784480000000000000e+06,1.365990778030248293e+03
5.785412000000000000e+06,1.369069290525761971e+03
5.786348000000000000e+06,1.352121416410612483e+03
5.787284000000000000e+06,1.346718946678340671e+03
5.788220000000000000e+06,1.353764184586024840e+03
5.789152000000000000e+06,1.344283870475350113e+03
5.790088000000000000e+06,1.380577796785862574e+03
5.791024000000000000e+06,1.348480790296394161e+03
5.791960000000000000e+06,1.331818990599108702e+03
5.792892000000000000e+06,1.310203838636577530e+03
5.793828000000000000e+06,1.309537193519171524e+03
5.794764000000000000e+06,1.311804616825994572e+03
5.795700000000000000e+06,1.274963927433234858e+03
5.796632000000000000e+06,1.276080235934088932e+03
5.797568000000000000e+06,1.256910967176441318e+03
5.798504000000000000e+06,1.277220058074968165e+03
5.799440000000000000e+06,1.261387130339682017e+03
5.800372000000000000e+06,1.257106582848381777e+03
5.801308000000000000e+06,1.247952073667870991e+03
5.802244000000000000e+06,1.253457070245882051e+03
5.803180000000000000e+06,1.266783157097370122e+03
5.804112000000000000e+06,1.249308442920935931e+03
5.805048000000000000e+06,1.264241310075018646e+03
5.805984000000000000e+06,1.278072207578010421e+03
5.806920000000000000e+06,1.282502330892478312e+03
5.807852000000000000e+06,1.270047166094432214e+03
5.808788000000000000e+06,1.301240822375362768e+03
5.809724000000000000e+06,1.281474498899252012e+03
5.810660000000000000e+06,1.317131085703038480e+03
5.811592000000000000e+06,1.312576936785050066e+03
5.812528000000000000e+06,1.346329787316262127e+03
5.813464000000000000e+06,1.355354280314010794e+03
5.814400000000000000e+06,1.380795078628045303e+03
5.815332000000000000e+06,1.374812343717204840e+03
5.816268000000000000e+06,1.382763813584026821e+03
5.817204000000000000e+06,1.402835133219555246e+03
5.818140000000000000e+06,1.435385867149601381e+03
5.819072000000000000e+06,1.452983508406529381e+03
5.820008000000000000e+06,1.460022605224207155e+03
5.820944000000000000e+06,1.464105057782746599e+03
5.821880000000000000e+06,1.479972560302314832e+03
5.822812000000000000e+06,1.503978256263643971e+03
5.823748000000000000e+06,1.515258730685293131e+03
5.824684000000000000e+06,1.535821740962951026e+03
5.825620000000000000e+06,1.548920288346335838e+03
5.826552000000000000e+06,1.537374654400860663e+03
5.827488000000000000e+06,1.560862447158095165e+03
5.828424000000000000e+06,1.588369879920952144e+03
5.829360000000000000e+06,1.600057866588054139e+03
5.830292000000000000e+06,1.625756217605784286e+03
5.831228000000000000e+06,1.621238613298798555e+03
5.832164000000000000e+06,1.632556959811698562e+03
5.833100000000000000e+06,1.673448848603697797e+03
5.834032000000000000e+06,1.695710087600830093e+03
5.834968000000000000e+06,1.707603443107957901e+03
5.835904000000000000e+06,1.727302687165384896e+03
5.836840000000000000e+06,1.731966110552265945e+03
5.837772000000000000e+06,1.769114669375023141e+03
5.838708000000000000e+06,1.773869948678979881e+03
5.839644000000000000e+06,1.828256671172471215e+03
5.840580000000000000e+06,1.870970082913132273e+03
5.841512000000000000e+06,1.857062667846488239e+03
5.842448000000000000e+06,1.881142531768142135e+03
5.843384000000000000e+06,1.918249071559008144e+03
5.844320000000000000e+06,1.919498637823320905e+03
5.845252000000000000e+06,1.966788807033819467e+03
5.846188000000000000e+06,1.989919828332224370e+03
5.847124000000000000e+06,2.046587166464585835e+03
5.848060000000000000e+06,2.039769030987790302e+03
5.848992000000000000e+06,2.075632630461689132e+03
5.849928000000000000e+06,2.131802926624311112e+03
5.850864000000000000e+06,2.154914239025075858e+03
5.851800000000000000e+06,2.177891380236056193e+03
5.852732000000000000e+06,2.179505664241717113e+03
5.853668000000000000e+06,2.232417046350820783e+03
5.854604000000000000e+06,2.242672245329391444e+03
5.855540000000000000e+06,2.254889617481281675e+03
5.856472000000000000e+06,2.282938029783282673e+03
5.857408000000000000e+06,2.303314965782036325e+03
5.858344000000000000e+06,2.292757849111693304e+03
5.859280000000000000e+06,2.320628827197961073e+03
5.860212000000000000e+06,2.342788741283629406e+03
5.861148000000000000e+06,2.334504408422764755e+03
5.862084000000000000e+06,2.351660606635085969e+03
5.863020000000000000e+06,2.346947203258692298e+03
5.863952000000000000e+06,2.364779086936886870e+03
5.864888000000000000e+06,2.357487630103780702e+03
5.865824000000000000e+06,2.357024672604547959e+03
5.866760000000000000e+06,2.346699730300641477e+03
5.867692000000000000e+06,2.368139554767229583e+03
5.868628000000000000e+06,2.369729977490991587e+03
5.869564000000000000e+06,2.362586814995477653e+03
5.870500000000000000e+06,2.381847272227613303e+03
5.871432000000000000e+06,2.345195787183038647e+03
5.872368000000000000e+06,2.322296470797094116e+03
5.873304000000000000e+06,2.313400372482203693e+03
5.874240000000000000e+06,2.323971662957644639e+03
5.875172000000000000e+06,2.314506960481108308e+03
5.876108000000000000e+06,2.308289241695023975e+03
5.877044000000000000e+06,2.286182448432041838e+03
5.877980000000000000e+06,2.258487870446287161e+03
5.878912000000000000e+06,2.226781363040528504e+03
5.879848000000000000e+06,2.196224804906644295e+03
5.880784000000000000e+06,2.192155051343223022e+03
5.881720000000000000e+06,2.195030886908361026e+03
5.882652000000000000e+06,2.182641553792752347e+03
5.883588000000000000e+06,2.160756127701627520e+03
5.884524000000000000e+06,2.129263092359246002e+03
5.885460000000000000e+06,2.079905371476479559e+03
5.886392000000000000e+06,2.072105968882112847e+03
5.887328000000000000e+06,2.070700085940991812e+03
5.888264000000000000e+06,2.030784045498387741e+03
5.889200000000000000e+06,1.967772693641689784e+03
5.890132000000000000e+06,1.959302304733362917e+03
5.891068000000000000e+06,1.934267497686856132e+03
5.892004000000000000e+06,1.906469101302478521e+03
5.892940000000000000e+06,1.873845489176221236e+03
5.893872000000000000e+06,1.846374288979840230e+03
5.894808000000000000e+06,1.829020507172651605e+03
5.895744000000000000e+06,1.791225249440378320e+03
5.896680000000000000e+06,1.749989855884642111e+03
5.897612000000000000e+06,1.743714331086334823e+03
5.898548000000000000e+06,1.676721687883610002e+03
5.899484000000000000e+06,1.662194832100481790e+03
5.900420000000000000e+06,1.649488475373850861e+03
5.901352000000000000e+06,1.615129280857206368e+03
5.902288000000000000e+06,1.594912082618677005e+03
5.903224000000000000e+06,1.573542864447177863e+03
5.904160000000000000e+06,1.512775195243776125e+03
5.905092000000000000e+06,1.497351990544537330e+03
5.906028000000000000e+06,1.473930965397858017e+03
5.906964000000000000e+06,1.440864994453929967e+03
5.907900000000000000e+06,1.394636522624308327e+03
5.908832000000000000e+06,1.374368696624116637e+03
5.909768000000000000e+06,1.345362019077098921e+03
5.910704000000000000e+06,1.311105062829095459e+03
5.911640000000000000e+06,1.297858919692750305e+03
5.912572000000000000e+06,1.282049749166284982e+03
5.913508000000000000e+06,1.253839689408199547e+03
5.914444000000000000e+06,1.245705473902441781e+03
5.915380000000000000e+06,1.205490091720533883e+03
5.916312000000000000e+06,1.180892966721386529e+03
5.917248000000000000e+06,1.168575714784765069e+03
5.918184000000000000e+06,1.138055995420779254e+03
5.919120000000000000e+06,1.146286378980708832e+03
5.920052000000000000e+06,1.165702042830896062e+03
5.920988000000000000e+06,1.094259816502204558e+03
5.921924000000000000e+06,1.091648829716034925e+03
5.922860000000000000e+06,1.078549503488213304e+03
5.923792000000000000e+06,1.037240980655664544e+03
5.924728000000000000e+06,1.040427094654171242e+03
5.925664000000000000e+06,1.048576535005071719e+03
5.926600000000000000e+06,1.047319403647689342e+03
5.927532000000000000e+06,1.019576096386018776e+03
5.928468000000000000e+06,1.010392194720191242e+03
5.929404000000000000e+06,1.009837653777000810e+03
5.930340000000000000e+06,1.004748303939475250e+03
5.931272000000000000e+06,1.029444543148005550e+03
5.932208000000000000e+06,1.049603972359477211e+03
5.933144000000000000e+06,1.031035022422234078e+03
5.934080000000000000e+06,1.029068616269085851e+03
5.935012000000000000e+06,1.071392906446684719e+03
5.935948000000000000e+06,1.053806147375843693e+03
5.936884000000000000e+06,1.072371520524978678e+03
5.937820000000000000e+06,1.074826665578945267e+03
5.938752000000000000e+06,1.076324235461438093e+03
5.939688000000000000e+06,1.096937812924162017e+03
5.940624000000000000e+06,1.101134833058575396e+03
5.941560000000000000e+06,1.105710009758393426e+03
5.942492000000000000e+06,1.131438307295917866e+03
5.943428000000000000e+06,1.121987793957688837e+03
5.944364000000000000e+06,1.138722945816175525e+03
5.945300000000000000e+06,1.134420927597004038e+03
5.946232000000000000e+06,1.121693532964517317e+03
5.947168000000000000e+06,1.156305145440200249e+03
5.948104000000000000e+06,1.180147666002385677e+03
5.949040000000000000e+06,1.144172657039906653e+03
5.949972000000000000e+06,1.116305826317011906e+03
5.950908000000000000e+06,1.128057480548741069e+03
5.951844000000000000e+06,1.139606430401227954e+03
5.952780000000000000e+06,1.148693662846956840e+03
5.953712000000000000e+06,1.112636842403820992e+03
5.954648000000000000e+06,1.128435565360618284e+03
5.955588000000000000e+06,1.143999777470294703e+03
5.956520000000000000e+06,1.146412361415456644e+03
5.957452000000000000e+06,1.154590758139591344e+03
5.958388000000000000e+06,1.127235182384144309e+03
5.959324000000000000e+06,1.119946270637752377e+03
5.960260000000000000e+06,1.096000048318335757e+03
5.961192000000000000e+06,1.137359469353322083e+03
5.962128000000000000e+06,1.111281448507807681e+03
5.963064000000000000e+06,1.123403616984216796e+03
5.964000000000000000e+06,1.119356885622287791e+03
5.964932000000000000e+06,1.133386688698307125e+03
5.965868000000000000e+06,1.146988527490803108e+03
5.966804000000000000e+06,1.169214100250298770e+03
5.967740000000000000e+06,1.180774486456566819e+03
5.968672000000000000e+06,1.176128150541527475e+03
5.969608000000000000e+06,1.200234940813178810e+03
5.970544000000000000e+06,1.220498906531768398e+03
5.971480000000000000e+06,1.230770036460110759e+03
5.972412000000000000e+06,1.224336826691644546e+03
5.973348000000000000e+06,1.269329585827061237e+03
5.974284000000000000e+06,1.288172176084025750e+03
5.975220000000000000e+06,1.333808729424753665e+03
5.976152000000000000e+06,1.362593230039817399e+03
5.977096000000000000e+06,1.380942753174202608e+03
5.978024000000000000e+06,1.408477235726900972e+03
5.978960000000000000e+06,1.428310638901575658e+03
5.979892000000000000e+06,1.450137475049794602e+03
5.980828000000000000e+06,1.501292155599200441e+03
5.981764000000000000e+06,1.512501068369521818e+03
5.982700000000000000e+06,1.534878545440001062e+03
5.983632000000000000e+06,1.554167177901239938e+03
5.984568000000000000e+06,1.570147142080381627e+03
5.985504000000000000e+06,1.607268007079221661e+03
5.986440000000000000e+06,1.615038016096116962e+03
5.987372000000000000e+06,1.643091766319843600e+03
5.988308000000000000e+06,1.625253415017990619e+03
5.989244000000000000e+06,1.632903709730428545e+03
5.990180000000000000e+06,1.593088142476571193e+03
5.991112000000000000e+06,1.626102278066215604e+03
5.992048000000000000e+06,1.634132585506836222e+03
5.992984000000000000e+06,1.626510763148431124e+03
5.993920000000000000e+06,1.603730245065468125e+03
5.994852000000000000e+06,1.600266745515187040e+03
5.995788000000000000e+06,1.589874150842771996e+03
5.996724000000000000e+06,1.558678346694310903e+03
5.997660000000000000e+06,1.580630978197766581e+03
5.998600000000000000e+06,1.551227174228669128e+03
5.999528000000000000e+06,1.562554920042543699e+03
6.000464000000000000e+06,1.549021002995797744e+03
6.001400000000000000e+06,1.508253073524497495e+03
6.002332000000000000e+06,1.506856424623867042e+03
6.003268000000000000e+06,1.508800888927613187e+03
6.004204000000000000e+06,1.496549886148319729e+03
6.005140000000000000e+06,1.472252285787154051e+03
6.006072000000000000e+06,1.467945126233288647e+03
6.007008000000000000e+06,1.465608664455058488e+03
6.007944000000000000e+06,1.453526310604452192e+03
6.008880000000000000e+06,1.452563779036625647e+03
6.009812000000000000e+06,1.406511504508730013e+03
6.010748000000000000e+06,1.427913077973671989e+03
6.011684000000000000e+06,1.396341985113144801e+03
6.012620000000000000e+06,1.381617231119991629e+03
6.013552000000000000e+06,1.354936015112567020e+03
6.014488000000000000e+06,1.364233331349118089e+03
6.015424000000000000e+06,1.357627134298029659e+03
6.016360000000000000e+06,1.345345831697858330e+03
6.017292000000000000e+06,1.342487168856957851e+03
6.018228000000000000e+06,1.345858794776276682e+03
6.019164000000000000e+06,1.340715720964615912e+03
6.020104000000000000e+06,1.323621098437955879e+03
6.021032000000000000e+06,1.305064322316712378e+03
6.021968000000000000e+06,1.302978377848175569e+03
6.022904000000000000e+06,1.300774055003841113e+03
6.023840000000000000e+06,1.288278377520728100e+03
6.024772000000000000e+06,1.278023918980319195e+03
6.025708000000000000e+06,1.288245151964748629e+03
6.026644000000000000e+06,1.256180393716819253e+03
6.027580000000000000e+06,1.263698049874460594e+03
6.028512000000000000e+06,1.257181917514486486e+03
6.029448000000000000e+06,1.244908304635035165e+03
6.030384000000000000e+06,1.242982114401064791e+03
6.031320000000000000e+06,1.220392369118634633e+03
6.032252000000000000e+06,1.241915277457833554e+03
6.033188000000000000e+06,1.216378802836705745e+03
6.034124000000000000e+06,1.218330591160279937e+03
6.035060000000000000e+06,1.236547283293693226e+03
6.035992000000000000e+06,1.236393153438407580e+03
6.036928000000000000e+06,1.197661040634013716e+03
6.037864000000000000e+06,1.222892172633167320e+03
6.038800000000000000e+06,1.217707688425267861e+03
6.039732000000000000e+06,1.174494653155218884e+03
6.040668000000000000e+06,1.161521879490011997e+03
6.041608000000000000e+06,1.194394725045356381e+03
6.042540000000000000e+06,1.205817526213263136e+03
6.043472000000000000e+06,1.188372170898557215e+03
6.044408000000000000e+06,1.188401060017889677e+03
6.045344000000000000e+06,1.176026663895248248e+03
6.046280000000000000e+06,1.181570248233667826e+03
6.047212000000000000e+06,1.186309642596349249e+03
6.048148000000000000e+06,1.178701731256821176e+03
6.049084000000000000e+06,1.179401576231549143e+03
6.050020000000000000e+06,1.224421813274874694e+03
6.050952000000000000e+06,1.227599107046259405e+03
6.051888000000000000e+06,1.237970940165707589e+03
6.052824000000000000e+06,1.220074043660857342e+03
6.053760000000000000e+06,1.211839579879136409e+03
6.054692000000000000e+06,1.254093508546852718e+03
6.055628000000000000e+06,1.285256779858295886e+03
6.056564000000000000e+06,1.280987354410578519e+03
6.057500000000000000e+06,1.287850473085022941e+03
6.058432000000000000e+06,1.303980914390082262e+03
6.059368000000000000e+06,1.328008192866984018e+03
6.060304000000000000e+06,1.342351644103187937e+03
6.061240000000000000e+06,1.333963699767469279e+03
6.062172000000000000e+06,1.340260193687762012e+03
6.063116000000000000e+06,1.366432921679508809e+03
6.064044000000000000e+06,1.363352443929027004e+03
6.064980000000000000e+06,1.359239281005529847e+03
6.065912000000000000e+06,1.385631565000951696e+03
6.066848000000000000e+06,1.374538945722298877e+03
6.067784000000000000e+06,1.377486133096732374e+03
6.068720000000000000e+06,1.370786724402591062e+03
6.069652000000000000e+06,1.372673083972475297e+03
6.070588000000000000e+06,1.344717681110701278e+03
6.071524000000000000e+06,1.323166797431647183e+03
6.072460000000000000e+06,1.316126965285419374e+03
6.073392000000000000e+06,1.290741093648419110e+03
6.074328000000000000e+06,1.278775644062259289e+03
6.075264000000000000e+06,1.267850036603433409e+03
6.076200000000000000e+06,1.243235784481438941e+03
6.077132000000000000e+06,1.244025202000424770e+03
6.078068000000000000e+06,1.203394127586765990e+03
6.079004000000000000e+06,1.165735846736021358e+03
6.079940000000000000e+06,1.127330089997325786e+03
6.080872000000000000e+06,1.096465584440179100e+03
6.081808000000000000e+06,1.059817463096564552e+03
6.082744000000000000e+06,1.023939524093720706e+03
6.083680000000000000e+06,1.001886192893374528e+03
6.084620000000000000e+06,9.939022243771021294e+02
6.085548000000000000e+06,9.448746742473734912e+02
6.086484000000000000e+06,9.225619324450001386e+02
6.087420000000000000e+06,8.924519777215052727e+02
6.088352000000000000e+06,8.655069605940200290e+02
6.089288000000000000e+06,8.489230498199735848e+02
6.090224000000000000e+06,7.961433327656581014e+02
6.091160000000000000e+06,7.876498538962807743e+02
6.092092000000000000e+06,7.924295364514549647e+02
6.093028000000000000e+06,7.716702044515245689e+02
6.093964000000000000e+06,7.908267185488368796e+02
6.094900000000000000e+06,7.943979236781422060e+02
6.095832000000000000e+06,7.903978402320150281e+02
6.096768000000000000e+06,7.828214458556961972e+02
6.097704000000000000e+06,7.824084514092747895e+02
6.098640000000000000e+06,7.872665647490537140e+02
6.099572000000000000e+06,8.134034777330650741e+02
6.100508000000000000e+06,8.378765816271744598e+02
6.101444000000000000e+06,8.447743018479870898e+02
6.102380000000000000e+06,8.526079899441958787e+02
6.103312000000000000e+06,8.665099333466432654e+02
6.104248000000000000e+06,8.832696281031152239e+02
6.105184000000000000e+06,8.942671588908627882e+02
6.106124000000000000e+06,9.095150724626359988e+02
6.107052000000000000e+06,9.242968766675045345e+02
6.107988000000000000e+06,9.299202669437480608e+02
6.108924000000000000e+06,9.327161206999605838e+02
6.109860000000000000e+06,9.432773585349301584e+02
6.110792000000000000e+06,9.357728412188706670e+02
6.111728000000000000e+06,9.690767181652970521e+02
6.112664000000000000e+06,9.669474733223736393e+02
6.113600000000000000e+06,9.475896439979217121e+02
6.114532000000000000e+06,9.600399177028476743e+02
6.115468000000000000e+06,9.557077729745055876e+02
6.116404000000000000e+06,9.700391795393218217e+02
6.117340000000000000e+06,9.518326762748351939e+02
6.118272000000000000e+06,9.355368401487688743e+02
6.119208000000000000e+06,9.366240557213361626e+02
6.120144000000000000e+06,9.487779839257017329e+02
6.121080000000000000e+06,9.188104116812263555e+02
6.122012000000000000e+06,9.253802873231765034e+02
6.122948000000000000e+06,9.082217435818375861e+02
6.123884000000000000e+06,9.055483035918708765e+02
6.124820000000000000e+06,8.825654421507574625e+02
6.125752000000000000e+06,8.593050563069710961e+02
6.126688000000000000e+06,8.409185056991992724e+02
6.127628000000000000e+06,8.598951978725148138e+02
6.128560000000000000e+06,8.269838454159375942e+02
6.129492000000000000e+06,7.952055664903429033e+02
6.130428000000000000e+06,8.018152243304789408e+02
6.131364000000000000e+06,7.939433276989432215e+02
6.132300000000000000e+06,7.573285896704231845e+02
6.133232000000000000e+06,7.478174444584291223e+02
6.134168000000000000e+06,7.359995825922673021e+02
6.135104000000000000e+06,7.284885266847453522e+02
6.136040000000000000e+06,7.128703010725924969e+02
6.136972000000000000e+06,6.962627265079788685e+02
6.137908000000000000e+06,7.166860129028469828e+02
6.138844000000000000e+06,6.961984543669852883e+02
6.139780000000000000e+06,6.896616024441701711e+02
6.140712000000000000e+06,6.802381675818995745e+02
6.141648000000000000e+06,6.874404479908871508e+02
6.142584000000000000e+06,6.896440403026767854e+02
6.143520000000000000e+06,6.889575257508565755e+02
6.144452000000000000e+06,6.778460607704654421e+02
6.145388000000000000e+06,6.586381360409719719e+02
6.146324000000000000e+06,6.772435086983338124e+02
6.147260000000000000e+06,6.818829865090043540e+02
6.148192000000000000e+06,6.731915080384153498e+02
6.149136000000000000e+06,6.749387928113409316e+02
6.150064000000000000e+06,6.906888661013191495e+02
6.151000000000000000e+06,6.492304782908397556e+02
6.151932000000000000e+06,6.700587038783222624e+02
6.152868000000000000e+06,6.518288894919504628e+02
6.153804000000000000e+06,6.398465412261513166e+02
6.154740000000000000e+06,6.368231519575271022e+02
6.155672000000000000e+06,6.210325218705200996e+02
6.156608000000000000e+06,6.155589337491982178e+02
6.157544000000000000e+06,6.094870187851419132e+02
6.158480000000000000e+06,5.997851986568336997e+02
6.159412000000000000e+06,5.684340953344762966e+02
6.160348000000000000e+06,5.778762240542176869e+02
6.161284000000000000e+06,5.859606246060029662e+02
6.162220000000000000e+06,5.605177483553280808e+02
6.164088000000000000e+06,5.679845562982176261e+02
6.165024000000000000e+06,5.355068250186823207e+02
6.165960000000000000e+06,5.147937443562170756e+02
6.166892000000000000e+06,5.018174492616961402e+02
6.167828000000000000e+06,5.113932825626525869e+02
6.168764000000000000e+06,5.037563592890602990e+02
6.169700000000000000e+06,4.763556086741548938e+02
6.170640000000000000e+06,4.648074112304197456e+02
6.171568000000000000e+06,4.796238907228194535e+02
6.172504000000000000e+06,4.648642676704994869e+02
6.173440000000000000e+06,4.602536156094571993e+02
6.174372000000000000e+06,4.237998149794008782e+02
6.175308000000000000e+06,3.991685756099325886e+02
6.176244000000000000e+06,4.183796116164621708e+02
6.177180000000000000e+06,3.911566022548604451e+02
6.178112000000000000e+06,3.616082288265552620e+02
6.179048000000000000e+06,3.528857149266771671e+02
6.179984000000000000e+06,3.682749016933230450e+02
6.180920000000000000e+06,3.414986715130179391e+02
6.181852000000000000e+06,3.512503179650209972e+02
6.182788000000000000e+06,3.329910495949980600e+02
6.183724000000000000e+06,3.404882861137874670e+02
6.184660000000000000e+06,3.212333034706135209e+02
6.185592000000000000e+06,3.070148100722011009e+02
6.186528000000000000e+06,2.831357963380422689e+02
6.187464000000000000e+06,3.009149397227439522e+02
6.188400000000000000e+06,3.175398087486214536e+02
6.189332000000000000e+06,3.004691536215789256e+02
6.190268000000000000e+06,3.105608125697701780e+02
6.191204000000000000e+06,2.623299316798726863e+02
6.192144000000000000e+06,2.336146940784240655e+02
6.193072000000000000e+06,2.284474988659906387e+02
6.194008000000000000e+06,1.980224710924468923e+02
6.194944000000000000e+06,1.909377335140557932e+02
6.195880000000000000e+06,1.990458349364058108e+02
6.196812000000000000e+06,1.459527072533917362e+02
6.197748000000000000e+06,1.146344485449483415e+02
6.198684000000000000e+06,7.632970353859546719e+01
6.199620000000000000e+06,3.719511813919162790e+01
6.200552000000000000e+06,1.887054162171202165e+01
6.201488000000000000e+06,-3.244888709887250311e+00
6.202424000000000000e+06,-3.168948528958980759e+01
6.203360000000000000e+06,-7.995350688842478348e+01
6.204292000000000000e+06,-1.096576125731693168e+02
6.205228000000000000e+06,-1.598353061920846869e+02
6.206164000000000000e+06,-1.655408446062482426e+02
6.207100000000000000e+06,-2.375163814228024535e+02
6.208032000000000000e+06,-2.763002848129902418e+02
6.208968000000000000e+06,-3.255907432545438951e+02
6.209904000000000000e+06,-3.903011610412860932e+02
6.210840000000000000e+06,-4.085001552092819566e+02
6.211772000000000000e+06,-4.469580824194509319e+02
6.212708000000000000e+06,-4.739165314690822015e+02
6.213648000000000000e+06,-5.235995112746876430e+02
6.214580000000000000e+06,-5.493347978222045640e+02
6.215512000000000000e+06,-6.005251218129639028e+02
6.216448000000000000e+06,-5.909539326558680159e+02
6.217384000000000000e+06,-6.413492319216786655e+02
6.218320000000000000e+06,-6.928689881459205253e+02
6.219252000000000000e+06,-7.016572075565784417e+02
6.220188000000000000e+06,-7.159418170931656960e+02
6.221124000000000000e+06,-8.093917377977583101e+02
6.222060000000000000e+06,-8.044910648766669965e+02
6.222992000000000000e+06,-8.207725381217494487e+02
6.223928000000000000e+06,-8.468462138152508487e+02
6.224864000000000000e+06,-8.938755404146647834e+02
6.225800000000000000e+06,-9.025392774072987550e+02
6.226732000000000000e+06,-9.198946264925602918e+02
6.227668000000000000e+06,-8.919426310403433718e+02
6.229540000000000000e+06,-9.356608761203291351e+02
6.230472000000000000e+06,-9.795811594520179142e+02
6.231408000000000000e+06,-9.524044260808585705e+02
6.232344000000000000e+06,-9.243996382005523174e+02
6.233280000000000000e+06,-9.604917648744016105e+02
6.234212000000000000e+06,-9.657616224790644992e+02
6.235156000000000000e+06,-9.423192485119853927e+02
6.236084000000000000e+06,-9.441623087746530700e+02
6.237020000000000000e+06,-9.779953043625373539e+02
6.237952000000000000e+06,-9.684896528454354439e+02
6.238888000000000000e+06,-9.537578837950934485e+02
6.239824000000000000e+06,-9.822864599837836295e+02
6.240760000000000000e+06,-9.923388123865215675e+02
6.241692000000000000e+06,-9.936579394007181918e+02
6.242628000000000000e+06,-9.765979537150651595e+02
6.243564000000000000e+06,-9.756800869260708851e+02
6.244500000000000000e+06,-1.012972622674599961e+03
6.245432000000000000e+06,-1.029655585582982440e+03
6.246368000000000000e+06,-1.021663336508321549e+03
6.247304000000000000e+06,-1.046490021036887129e+03
6.248240000000000000e+06,-1.054659614006512584e+03
6.249172000000000000e+06,-1.030314980269035914e+03
6.250108000000000000e+06,-1.040390325446561747e+03
6.251044000000000000e+06,-1.077251130852672759e+03
6.251980000000000000e+06,-1.080951948243957077e+03
6.252912000000000000e+06,-1.056197730962460810e+03
6.253848000000000000e+06,-1.038464634904983996e+03
6.254784000000000000e+06,-1.080157368625527852e+03
6.255720000000000000e+06,-1.058011759061002977e+03
6.256660000000000000e+06,-1.064733154372357603e+03
6.257588000000000000e+06,-1.074015283313573718e+03
6.258524000000000000e+06,-1.050929402317396352e+03
6.259460000000000000e+06,-1.051850416065791023e+03
6.260392000000000000e+06,-1.038182654745072568e+03
6.261328000000000000e+06,-1.032490204581257785e+03
6.262264000000000000e+06,-1.048655613161572091e+03
6.263200000000000000e+06,-1.073172812484360293e+03
6.264132000000000000e+06,-1.039998821796855736e+03
6.265068000000000000e+06,-1.050967517087830629e+03
6.266004000000000000e+06,-1.026841681287142592e+03
6.266940000000000000e+06,-1.020503819971324106e+03
6.267872000000000000e+06,-1.031653206358237185e+03
6.268808000000000000e+06,-1.020045477549888687e+03
6.269744000000000000e+06,-1.031412165604783695e+03
6.270680000000000000e+06,-9.842849831893678356e+02
6.271612000000000000e+06,-9.721739458350333507e+02
6.272548000000000000e+06,-9.744945742090277463e+02
6.273484000000000000e+06,-9.457907807532947118e+02
6.274420000000000000e+06,-9.419328725301595568e+02
6.275352000000000000e+06,-9.237874276825546076e+02
6.276288000000000000e+06,-9.091161783538811960e+02
6.277224000000000000e+06,-8.998380846117854617e+02
6.278164000000000000e+06,-8.991731757564102736e+02
6.279092000000000000e+06,-8.803249549971021679e+02
6.280028000000000000e+06,-8.888209750308740240e+02
6.280964000000000000e+06,-8.379950611863913537e+02
6.281900000000000000e+06,-8.259666574380731845e+02
6.282832000000000000e+06,-7.991712718845935797e+02
6.283768000000000000e+06,-8.014323892966851872e+02
6.284704000000000000e+06,-7.770026573772590837e+02
6.285640000000000000e+06,-7.717587153582214796e+02
6.286572000000000000e+06,-7.587234135807310622e+02
6.287508000000000000e+06,-7.568828393424361138e+02
6.288444000000000000e+06,-7.398686987016304784e+02
6.289380000000000000e+06,-7.450721014017020707e+02
6.290312000000000000e+06,-7.313309934432936643e+02
6.291248000000000000e+06,-7.406542344297689624e+02
6.292184000000000000e+06,-7.350639758918184725e+02
6.293120000000000000e+06,-7.184387000140280861e+02
6.294988000000000000e+06,-7.163369029500139504e+02
6.295924000000000000e+06,-7.220387708162335230e+02
6.296860000000000000e+06,-6.893606158985521688e+02
6.297792000000000000e+06,-6.881677998751359837e+02
6.298728000000000000e+06,-7.065082652669981371e+02
6.299668000000000000e+06,-6.721632375829875627e+02
6.300600000000000000e+06,-6.820420402528909563e+02
6.301532000000000000e+06,-6.704574881462626763e+02
6.302468000000000000e+06,-6.833796279328686296e+02
6.303404000000000000e+06,-6.665267995106703438e+02
6.304340000000000000e+06,-6.364519443339984264e+02
6.305272000000000000e+06,-6.210673480391631074e+02
6.306208000000000000e+06,-6.179263394811198395e+02
6.307144000000000000e+06,-6.251354307228842799e+02
6.308080000000000000e+06,-5.875183528124969143e+02
6.309012000000000000e+06,-5.977676174254635271e+02
6.309948000000000000e+06,-6.241216599322285674e+02
6.310884000000000000e+06,-5.751438888299367136e+02
6.311820000000000000e+06,-5.685294858753946983e+02
6.312752000000000000e+06,-5.945183435168170263e+02
6.313688000000000000e+06,-5.894900782159007804e+02
6.314624000000000000e+06,-5.614943110331797698e+02
6.315560000000000000e+06,-5.249962551883653532e+02
6.316492000000000000e+06,-5.065677113776806664e+02
6.317428000000000000e+06,-5.213371414096743592e+02
6.318364000000000000e+06,-4.772662418294905819e+02
6.319300000000000000e+06,-4.637363802110023130e+02
6.320232000000000000e+06,-4.322774620889420021e+02
6.321172000000000000e+06,-4.442496651733111435e+02
6.322104000000000000e+06,-4.223100380860120140e+02
6.323040000000000000e+06,-4.288855537495745693e+02
6.323972000000000000e+06,-4.040495650426045131e+02
6.324908000000000000e+06,-4.073831193951068030e+02
6.325844000000000000e+06,-3.634168311017888868e+02
6.326780000000000000e+06,-3.537396032920562448e+02
6.327712000000000000e+06,-3.246458022779143562e+02
6.328648000000000000e+06,-2.960627845853278473e+02
6.329584000000000000e+06,-2.735007036672785716e+02
6.330520000000000000e+06,-2.575271461573406100e+02
6.331452000000000000e+06,-2.461243298496949592e+02
6.332388000000000000e+06,-2.073296631188780736e+02
6.333324000000000000e+06,-1.925111153281642657e+02
6.334260000000000000e+06,-1.534683620613265589e+02
6.335192000000000000e+06,-1.585769968406947328e+02
6.336128000000000000e+06,-1.369029896913692141e+02
6.337064000000000000e+06,-1.144401302002145400e+02
6.338000000000000000e+06,-7.986123719187209247e+01
6.338932000000000000e+06,-5.417594206430391068e+01
6.339868000000000000e+06,-4.807502622005915782e+01
6.340804000000000000e+06,1.004199806444153964e+00
6.341740000000000000e+06,4.139170102530677298e+01
6.342676000000000000e+06,7.287419513162825524e+01
6.343608000000000000e+06,1.011579603426098828e+02
6.344544000000000000e+06,1.295149044305152586e+02
6.345480000000000000e+06,1.249052588653551368e+02
6.346412000000000000e+06,1.301104757065190540e+02
6.347348000000000000e+06,1.668813235997157278e+02
6.348284000000000000e+06,2.009137164889279177e+02
6.349220000000000000e+06,2.140188405576586490e+02
6.350152000000000000e+06,2.919304399383318014e+02
6.351088000000000000e+06,2.676022060171854946e+02
6.352024000000000000e+06,2.899112400217495065e+02
6.352960000000000000e+06,3.022115418884858400e+02
6.353892000000000000e+06,3.086501997211727826e+02
6.354828000000000000e+06,3.161517658710520777e+02
6.355764000000000000e+06,3.114504038418416485e+02
6.356700000000000000e+06,3.381110445075796633e+02
6.357632000000000000e+06,3.603134639521197187e+02
6.358568000000000000e+06,3.591706565820773562e+02
6.359504000000000000e+06,3.604445736122227686e+02
6.360440000000000000e+06,3.826922946873842761e+02
6.361372000000000000e+06,3.831345142292698256e+02
6.362308000000000000e+06,3.611957407664306174e+02
6.363244000000000000e+06,3.849128096985384104e+02
6.364180000000000000e+06,3.969743077744846573e+02
6.365112000000000000e+06,3.838044995540052469e+02
6.366048000000000000e+06,3.744521218435761512e+02
6.366984000000000000e+06,3.991835205109002800e+02
6.367920000000000000e+06,3.873836532199661065e+02
6.368852000000000000e+06,4.005810001461631487e+02
6.369788000000000000e+06,3.716461287387404013e+02
6.370724000000000000e+06,4.298906999409280161e+02
6.371660000000000000e+06,4.019758586990572553e+02
6.372592000000000000e+06,3.958877093082210763e+02
6.373528000000000000e+06,4.008126882070193346e+02
6.374464000000000000e+06,4.076465558708705998e+02
6.375400000000000000e+06,4.042837714310767296e+02
6.376332000000000000e+06,4.200102535824112238e+02
6.377268000000000000e+06,4.033400389893421334e+02
6.378204000000000000e+06,3.968791152998961707e+02
6.379140000000000000e+06,3.729514554809772449e+02
6.380072000000000000e+06,4.066004005002873214e+02
6.381008000000000000e+06,3.832431136970559464e+02
6.381944000000000000e+06,4.032446502885496784e+02
6.382880000000000000e+06,4.127661230192178436e+02
6.383812000000000000e+06,4.092700435940894863e+02
6.384748000000000000e+06,3.873710729768454826e+02
6.385684000000000000e+06,4.120256045296050047e+02
6.386620000000000000e+06,3.839120677029116564e+02
6.387552000000000000e+06,3.825063824768643030e+02
6.388488000000000000e+06,3.905261983935024546e+02
6.389424000000000000e+06,3.821607698921973792e+02
6.390360000000000000e+06,3.835018716688900327e+02
6.391292000000000000e+06,3.988629038298067826e+02
6.392228000000000000e+06,4.101936122786933652e+02
6.393164000000000000e+06,3.929565052500522597e+02
6.394100000000000000e+06,3.947280835297658541e+02
6.395032000000000000e+06,3.920488641827334391e+02
6.395968000000000000e+06,4.213446678339387290e+02
6.396904000000000000e+06,4.154269291563829825e+02
6.397840000000000000e+06,4.110768038251821963e+02
6.398772000000000000e+06,4.210351480607970984e+02
6.399708000000000000e+06,4.041247089218507540e+02
6.400644000000000000e+06,4.132216390888174828e+02
6.401580000000000000e+06,4.152548597450832517e+02
6.402512000000000000e+06,4.284038225381759162e+02
6.403448000000000000e+06,4.155212792416149341e+02
6.404384000000000000e+06,4.308962604221533752e+02
6.405320000000000000e+06,4.439036424716073270e+02
6.406252000000000000e+06,4.176678524938357668e+02
6.407188000000000000e+06,4.076895853588883369e+02
6.408124000000000000e+06,4.117164276346810539e+02
6.409060000000000000e+06,4.054548378981190808e+02
6.409992000000000000e+06,4.036292134908721323e+02
6.410928000000000000e+06,4.310618804036234906e+02
6.411864000000000000e+06,3.941600195005465253e+02
6.412800000000000000e+06,4.029211138384984565e+02
6.413732000000000000e+06,3.685030456771403919e+02
6.414668000000000000e+06,3.875308611021532101e+02
6.415604000000000000e+06,4.008878705983781856e+02
6.416540000000000000e+06,3.904903048410232600e+02
6.417472000000000000e+06,3.869182799099099270e+02
6.418408000000000000e+06,3.595743051195822773e+02
6.419344000000000000e+06,3.660313532380317838e+02
6.420280000000000000e+06,3.277551754833413611e+02
6.421212000000000000e+06,3.714577572304722821e+02
6.422148000000000000e+06,3.450626738765818686e+02
6.423084000000000000e+06,3.693418093681762571e+02
6.424020000000000000e+06,3.703793477801474978e+02
6.424952000000000000e+06,3.679352259456651950e+02
6.425888000000000000e+06,3.630310380472608927e+02
6.426824000000000000e+06,3.801452518454854044e+02
6.427760000000000000e+06,3.847789810523113943e+02
6.428692000000000000e+06,3.755689924238413937e+02
6.429628000000000000e+06,3.865220962930018231e+02
6.430564000000000000e+06,4.190213672426777407e+02
6.431500000000000000e+06,4.110117839559532626e+02
6.432432000000000000e+06,4.578665897383036736e+02
6.433368000000000000e+06,4.621091161586642215e+02
6.434304000000000000e+06,4.760927794972863580e+02
6.435240000000000000e+06,4.850765187687835009e+02
6.436172000000000000e+06,5.040344963563342731e+02
6.437108000000000000e+06,5.021915079709136194e+02
6.438044000000000000e+06,5.337176724218757045e+02
6.438980000000000000e+06,5.210815815469362633e+02
6.439912000000000000e+06,5.502596086383614420e+02
6.440848000000000000e+06,5.230614156962058132e+02
6.441784000000000000e+06,5.366203639243419730e+02
6.442720000000000000e+06,5.733304435551807501e+02
6.443652000000000000e+06,5.792794304440869837e+02
6.444588000000000000e+06,5.589800624065488819e+02
6.445524000000000000e+06,5.491464864267106805e+02
6.446460000000000000e+06,5.473765211353943414e+02
6.447392000000000000e+06,5.363435573818184139e+02
6.448328000000000000e+06,5.104592360854103958e+02
6.449264000000000000e+06,5.367143592758312707e+02
6.450200000000000000e+06,5.152296626781187570e+02
6.451132000000000000e+06,4.999337627253649430e+02
6.452068000000000000e+06,5.025870456229841921e+02
6.453004000000000000e+06,4.854113821973843415e+02
6.453940000000000000e+06,4.433745123223404789e+02
6.454872000000000000e+06,4.391995451610761165e+02
6.455808000000000000e+06,4.141116730409889328e+02
6.456744000000000000e+06,4.234498845892204031e+02
6.457680000000000000e+06,3.802153736849413690e+02
6.458612000000000000e+06,3.717913229124011991e+02
6.459548000000000000e+06,3.568838546770336393e+02
6.460484000000000000e+06,3.113893764666203197e+02
6.461420000000000000e+06,3.362503596074307666e+02
6.462352000000000000e+06,3.290056620980738558e+02
6.463288000000000000e+06,3.077059414527608396e+02
6.464224000000000000e+06,2.900222655490244961e+02
6.465160000000000000e+06,2.846911876966084378e+02
6.466092000000000000e+06,2.722228515198213472e+02
6.467028000000000000e+06,2.483085881637988450e+02
6.467964000000000000e+06,2.382905945913967685e+02
6.468900000000000000e+06,2.262658948839020638e+02
6.469832000000000000e+06,2.625807653899101410e+02
6.470768000000000000e+06,2.330181554530350354e+02
6.471704000000000000e+06,2.477297636802829572e+02
6.472640000000000000e+06,2.556601981625405244e+02
6.473572000000000000e+06,2.328384768205465605e+02
6.474508000000000000e+06,2.648222909020580005e+02
6.475444000000000000e+06,2.757298475854082653e+02
6.476380000000000000e+06,2.615154099623725870e+02
6.477312000000000000e+06,2.567992467122633684e+02
6.478248000000000000e+06,2.971838867552678494e+02
6.479184000000000000e+06,3.410387573867346305e+02
6.480120000000000000e+06,3.275887191832687222e+02
6.481052000000000000e+06,3.404653665553933592e+02
6.481988000000000000e+06,3.607883499479690954e+02
6.482924000000000000e+06,3.967273242258655728e+02
6.483860000000000000e+06,4.350242344329824391e+02
6.484792000000000000e+06,4.762841749063081238e+02
6.485728000000000000e+06,4.771484711281103728e+02
6.486664000000000000e+06,5.093532307250387703e+02
6.487600000000000000e+06,5.252520192184625785e+02
6.488532000000000000e+06,5.665836016130710959e+02
6.489468000000000000e+06,5.717547759223358526e+02
6.490404000000000000e+06,5.844757344501479110e+02
6.491340000000000000e+06,6.318863318729008824e+02
6.492272000000000000e+06,6.969480073770174613e+02
6.493208000000000000e+06,7.386871379748109803e+02
6.494144000000000000e+06,7.560614298740904360e+02
6.495080000000000000e+06,7.740326125604510707e+02
6.496012000000000000e+06,8.172419114496956354e+02
6.496948000000000000e+06,8.594767895461844773e+02
6.497884000000000000e+06,8.537768261366815068e+02
6.498820000000000000e+06,9.057468834495683723e+02
6.499752000000000000e+06,9.410889295744643732e+02
6.500688000000000000e+06,9.702671611742099458e+02
6.501624000000000000e+06,9.641798624840424736e+02
6.502560000000000000e+06,9.613745435510793413e+02
6.503492000000000000e+06,9.865578769286508987e+02
6.504428000000000000e+06,9.930215173313285959e+02
6.505364000000000000e+06,1.040284317411415714e+03
6.506300000000000000e+06,1.054080014287933409e+03
6.507232000000000000e+06,1.078875591804372789e+03
6.508168000000000000e+06,1.064649093756740513e+03
6.509104000000000000e+06,1.073982606217596413e+03
6.510040000000000000e+06,1.093036834670031112e+03
6.510972000000000000e+06,1.059755236470420186e+03
6.511908000000000000e+06,1.056144894196286941e+03
6.512844000000000000e+06,1.026666420912831200e+03
6.513780000000000000e+06,1.047754704207703526e+03
6.514712000000000000e+06,1.031491142089365667e+03
6.515648000000000000e+06,1.032966354091863195e+03
6.516584000000000000e+06,1.018377585671071188e+03
6.517520000000000000e+06,9.873381153302037774e+02
6.518452000000000000e+06,9.509250331415795472e+02
6.519388000000000000e+06,9.603978895670768452e+02
6.520324000000000000e+06,9.396371313599551058e+02
6.521260000000000000e+06,9.247543139491970123e+02
6.522192000000000000e+06,8.972157519112513455e+02
6.523128000000000000e+06,8.380168672506839584e+02
6.524064000000000000e+06,8.216176114470272296e+02
6.525000000000000000e+06,8.015579424208845012e+02
6.525932000000000000e+06,7.861056985570280631e+02
6.526868000000000000e+06,7.980117146053942179e+02
6.527804000000000000e+06,7.572664263670022819e+02
6.528740000000000000e+06,7.110288995794658149e+02
6.529672000000000000e+06,6.943979526832661122e+02
6.530608000000000000e+06,6.687720055363427036e+02
6.531544000000000000e+06,6.368338375112806489e+02
6.532480000000000000e+06,6.484413145075402554e+02
6.533412000000000000e+06,5.984571435468973277e+02
6.534348000000000000e+06,5.770044384684548504e+02
6.535284000000000000e+06,5.684273485430112487e+02
6.536220000000000000e+06,5.358590825858933613e+02
6.537152000000000000e+06,5.376908830052950634e+02
6.538088000000000000e+06,5.205587754043473296e+02
6.539024000000000000e+06,4.710945034294014135e+02
6.539960000000000000e+06,4.310503266180263040e+02
6.540892000000000000e+06,4.621469890751421303e+02
6.541828000000000000e+06,4.277132487770887792e+02
6.542764000000000000e+06,4.001715304564665416e+02
6.543700000000000000e+06,3.886152471933934294e+02
6.544632000000000000e+06,3.623387341896603289e+02
6.545568000000000000e+06,3.743796360347172936e+02
6.546504000000000000e+06,3.305807044351818718e+02
6.547440000000000000e+06,3.220963015501125142e+02
6.548372000000000000e+06,3.093345221624377928e+02
6.549308000000000000e+06,2.846428610278524047e+02
6.550244000000000000e+06,2.714769031632276324e+02
6.551180000000000000e+06,2.372675983926183108e+02
6.552112000000000000e+06,2.369628999060858234e+02
6.553048000000000000e+06,2.069011796463968835e+02
6.553984000000000000e+06,2.125377199180867365e+02
6.554920000000000000e+06,2.089163851571107955e+02
6.555852000000000000e+06,2.081269443861608011e+02
6.556788000000000000e+06,1.732605568312826847e+02
6.557724000000000000e+06,1.782987864094956194e+02
6.558660000000000000e+06,1.380347783369262800e+02
6.559592000000000000e+06,1.548542001793188376e+02
6.560528000000000000e+06,1.469962381834999121e+02
6.561464000000000000e+06,1.260010158299683525e+02
6.562400000000000000e+06,1.293900047842035121e+02
6.563332000000000000e+06,1.233446191124940583e+02
6.564268000000000000e+06,1.115812341005415078e+02
6.565204000000000000e+06,1.004119223400043381e+02
6.566140000000000000e+06,1.028056930175170010e+02
6.567072000000000000e+06,9.299050993440866364e+01
6.568008000000000000e+06,9.047895036545320124e+01
6.568944000000000000e+06,6.407182292329250117e+01
6.569880000000000000e+06,4.875226678573676509e+01
6.570812000000000000e+06,6.475496931867269268e+01
6.571748000000000000e+06,3.276383448932111264e+01
6.572684000000000000e+06,1.576083027137967774e+00
6.573620000000000000e+06,-6.274128988602552681e+01
6.574552000000000000e+06,-8.263880983939266400e+01
6.575488000000000000e+06,-1.071086416362150544e+02
6.576424000000000000e+06,-1.701135990332862775e+02
6.577360000000000000e+06,-1.964689393241890230e+02
6.578292000000000000e+06,-2.138738969270670509e+02
6.579228000000000000e+06,-2.647773660208168849e+02
6.580164000000000000e+06,-2.934651963418560854e+02
6.581100000000000000e+06,-3.668380161325604263e+02
6.582032000000000000e+06,-4.280165250415634546e+02
6.582968000000000000e+06,-4.771682295633622743e+02
6.583904000000000000e+06,-5.343679629793876984e+02
6.584840000000000000e+06,-5.999345975704077318e+02
6.585772000000000000e+06,-6.511679213517138578e+02
6.586708000000000000e+06,-7.167738699264882598e+02
6.587644000000000000e+06,-7.879816464467002106e+02
6.588580000000000000e+06,-8.479342582819365362e+02
6.589512000000000000e+06,-8.779975787635844426e+02
6.590448000000000000e+06,-9.245317541760537097e+02
6.591384000000000000e+06,-9.511714666355849204e+02
6.592320000000000000e+06,-1.012262276004413934e+03
6.593252000000000000e+06,-1.059352354740336523e+03
6.594188000000000000e+06,-1.074015207101700980e+03
6.595124000000000000e+06,-1.124194481032507383e+03
6.596060000000000000e+06,-1.169492760259051011e+03
6.596992000000000000e+06,-1.209264522765411584e+03
6.597928000000000000e+06,-1.215073941936416531e+03
6.598864000000000000e+06,-1.255340066421839083e+03
6.599800000000000000e+06,-1.277052127937597334e+03
6.600732000000000000e+06,-1.280893495744123811e+03
6.601668000000000000e+06,-1.333331780324744841e+03
6.602604000000000000e+06,-1.345744242498887843e+03
6.603540000000000000e+06,-1.356335255737070156e+03
6.604472000000000000e+06,-1.341499700476387943e+03
6.605408000000000000e+06,-1.369229437986044559e+03
6.606344000000000000e+06,-1.352900306853288839e+03
6.607280000000000000e+06,-1.357315670055257897e+03
6.608212000000000000e+06,-1.337968945004423404e+03
6.609148000000000000e+06,-1.333604265127858298e+03
6.610084000000000000e+06,-1.332364294272998677e+03
6.611020000000000000e+06,-1.300081061972232874e+03
6.611952000000000000e+06,-1.281007633424796495e+03
6.612888000000000000e+06,-1.263319032013889000e+03
6.613824000000000000e+06,-1.212948874021105439e+03
6.614760000000000000e+06,-1.197072591110581243e+03
6.615692000000000000e+06,-1.169019752759869334e+03
6.616628000000000000e+06,-1.109448793696471967e+03
6.617564000000000000e+06,-1.075916634971598796e+03
6.618500000000000000e+06,-1.040477816009031130e+03
6.619432000000000000e+06,-9.748579416547237315e+02
6.620368000000000000e+06,-9.605560920311679638e+02
6.621304000000000000e+06,-8.787000507519582015e+02
6.622240000000000000e+06,-8.156886154141654970e+02
6.623172000000000000e+06,-7.693910262961740045e+02
6.624108000000000000e+06,-7.208555111780539164e+02
6.625044000000000000e+06,-6.650012769764973655e+02
6.625980000000000000e+06,-6.290346872940068579e+02
6.626912000000000000e+06,-6.083215903068132775e+02
6.627848000000000000e+06,-5.338000049785052852e+02
6.628784000000000000e+06,-4.944876845529340699e+02
6.629720000000000000e+06,-4.398179355646850013e+02
6.630652000000000000e+06,-4.139307079210239522e+02
6.631588000000000000e+06,-3.739782337103955570e+02
6.632524000000000000e+06,-3.407456944210889560e+02
6.633460000000000000e+06,-2.625782742352369041e+02
6.634392000000000000e+06,-2.323612037457909310e+02
6.635328000000000000e+06,-2.207838121575562695e+02
6.636264000000000000e+06,-1.891608955290122651e+02
6.637200000000000000e+06,-1.876527614149323995e+02
6.638132000000000000e+06,-1.564276076648703793e+02
6.639068000000000000e+06,-1.380138073112169081e+02
6.640004000000000000e+06,-1.231203084816115307e+02
6.640940000000000000e+06,-9.803189177427063328e+01
6.641872000000000000e+06,-8.899726327910154566e+01
6.642808000000000000e+06,-9.293186286976902011e+01
6.643744000000000000e+06,-7.951729881932611477e+01
6.644680000000000000e+06,-6.061306887236361973e+01
6.645612000000000000e+06,-7.668325690058320276e+01
6.646548000000000000e+06,-7.951534721261390359e+01
6.647484000000000000e+06,-6.998728192215722288e+01
6.648420000000000000e+06,-9.607729873225088113e+01
6.649352000000000000e+06,-1.199006327063281674e+02
6.650288000000000000e+06,-1.253633394999934723e+02
6.651224000000000000e+06,-1.334069162950935947e+02
6.652160000000000000e+06,-1.421175023349156845e+02
6.653092000000000000e+06,-1.709463949938626115e+02
6.654028000000000000e+06,-1.955170327476514842e+02
6.654964000000000000e+06,-2.174706600998600834e+02
6.655900000000000000e+06,-2.194066333829845803e+02
6.656832000000000000e+06,-2.782170127533028108e+02
6.657768000000000000e+06,-3.060878950003452701e+02
6.658704000000000000e+06,-3.036625995359827925e+02
6.659640000000000000e+06,-3.323508631086359628e+02
6.660572000000000000e+06,-3.732920375588975048e+02
6.661508000000000000e+06,-3.789242839189549272e+02
6.662444000000000000e+06,-4.031762756439230202e+02
6.663380000000000000e+06,-4.101038467475115681e+02
6.664312000000000000e+06,-4.417056264624990263e+02
6.665248000000000000e+06,-4.566295574015536545e+02
6.666184000000000000e+06,-5.011686015195679147e+02
6.667120000000000000e+06,-5.156732777602825308e+02
6.668052000000000000e+06,-5.214769733994169201e+02
6.668988000000000000e+06,-5.151811354705449730e+02
6.669924000000000000e+06,-5.518638387977634920e+02
6.670860000000000000e+06,-5.548994581457845925e+02
6.671792000000000000e+06,-5.771384822085536825e+02
6.672728000000000000e+06,-5.537628300938054053e+02
6.673664000000000000e+06,-5.912371329188995333e+02
6.674600000000000000e+06,-5.607414627925269315e+02
6.675532000000000000e+06,-5.972619485986479049e+02
6.676468000000000000e+06,-6.168229087577784640e+02
6.677404000000000000e+06,-6.108041349047449557e+02
6.678340000000000000e+06,-6.059915797700782605e+02
6.679272000000000000e+06,-6.251029334628042307e+02
6.680208000000000000e+06,-5.957454525084452825e+02
6.681144000000000000e+06,-6.267725788372321176e+02
6.682080000000000000e+06,-6.051519752472773916e+02
6.683012000000000000e+06,-6.335632229588288737e+02
6.683948000000000000e+06,-6.310792098138365418e+02
6.684884000000000000e+06,-6.148026688429554270e+02
6.685820000000000000e+06,-5.999852419712404981e+02
6.686752000000000000e+06,-6.440457863162384911e+02
6.687688000000000000e+06,-6.328009151207635341e+02
6.688624000000000000e+06,-6.457790821678640896e+02
6.689560000000000000e+06,-6.448668720832446297e+02
6.690492000000000000e+06,-6.494265020790593326e+02
6.691428000000000000e+06,-6.408419603935620898e+02
6.692364000000000000e+06,-6.448001081962743228e+02
6.693300000000000000e+06,-6.463384265802322943e+02
6.694232000000000000e+06,-6.702346201396250081e+02
6.695168000000000000e+06,-6.890929633549056916e+02
6.696104000000000000e+06,-6.979450620429939818e+02
6.697040000000000000e+06,-7.027406170908706144e+02
6.697972000000000000e+06,-7.035889259786065395e+02
6.698908000000000000e+06,-7.046000697376675816e+02
6.699844000000000000e+06,-7.112600747000442425e+02
6.700780000000000000e+06,-7.448484614697515553e+02
6.701712000000000000e+06,-7.388557730079053272e+02
6.702648000000000000e+06,-7.651604064065285229e+02
6.703584000000000000e+06,-7.928001576667137442e+02
6.704520000000000000e+06,-8.311937033034004116e+02
6.705452000000000000e+06,-8.316864568709645482e+02
6.706388000000000000e+06,-8.760969252750658143e+02
6.707324000000000000e+06,-8.816193674551639106e+02
6.708260000000000000e+06,-9.027146084222794116e+02
6.709192000000000000e+06,-9.563725725260096624e+02
6.710128000000000000e+06,-9.600539276745813595e+02
6.711064000000000000e+06,-9.823992852094946784e+02
6.712000000000000000e+06,-9.878765020852537191e+02
6.712932000000000000e+06,-1.017814679223130838e+03
6.713868000000000000e+06,-1.066633662997249303e+03
6.714804000000000000e+06,-1.066566836993187280e+03
6.715740000000000000e+06,-1.092960781722715865e+03
6.716672000000000000e+06,-1.105892743238308867e+03
6.717608000000000000e+06,-1.118216481285142891e+03
6.718544000000000000e+06,-1.114925918460805633e+03
6.719480000000000000e+06,-1.136115389368273100e+03
6.720412000000000000e+06,-1.159095322660356715e+03
6.721348000000000000e+06,-1.163089212248822605e+03
6.722284000000000000e+06,-1.175856161054709673e+03
6.723220000000000000e+06,-1.137777119004436827e+03
6.724152000000000000e+06,-1.146862674914698118e+03
6.725088000000000000e+06,-1.125830985532084924e+03
6.726024000000000000e+06,-1.139773795212236791e+03
6.726960000000000000e+06,-1.105530791663481295e+03
6.727892000000000000e+06,-1.117218355548698582e+03
6.728828000000000000e+06,-1.119143101017030176e+03
6.729764000000000000e+06,-1.089971912322371736e+03
6.730700000000000000e+06,-1.066897174437966896e+03
6.731632000000000000e+06,-1.039760686777365663e+03
6.732568000000000000e+06,-1.046465179389488412e+03
6.733504000000000000e+06,-1.050910186019790217e+03
6.734440000000000000e+06,-1.057417684404919328e+03
6.735372000000000000e+06,-1.037330401593008446e+03
6.736308000000000000e+06,-1.043778624479707560e+03
6.737244000000000000e+06,-9.859782171440270986e+02
6.738180000000000000e+06,-1.011807969834765231e+03
6.739112000000000000e+06,-1.012032588382643667e+03
6.740048000000000000e+06,-1.003651200517861184e+03
6.740984000000000000e+06,-9.900048565758626182e+02
6.741920000000000000e+06,-9.524433823862078725e+02
6.742852000000000000e+06,-9.492032558420952455e+02
6.743788000000000000e+06,-9.193808099425302771e+02
6.744724000000000000e+06,-9.144461832348227972e+02
6.745660000000000000e+06,-9.151948218057967779e+02
6.746592000000000000e+06,-8.842133728409352216e+02
6.747528000000000000e+06,-8.700801656046809285e+02
6.748464000000000000e+06,-8.530358214400455381e+02
6.749400000000000000e+06,-8.237165137232383358e+02
6.750332000000000000e+06,-8.055916322436116843e+02
6.751268000000000000e+06,-8.441607687706714387e+02
6.752204000000000000e+06,-7.937004022576454645e+02
6.753140000000000000e+06,-7.815081542947179969e+02
6.754072000000000000e+06,-7.743655325273228982e+02
6.755008000000000000e+06,-7.439864878248965852e+02
6.755944000000000000e+06,-7.396476047130585130e+02
6.756880000000000000e+06,-7.308761738193484234e+02
6.757812000000000000e+06,-7.226018814510880475e+02
6.758748000000000000e+06,-6.895799902789284488e+02
6.759684000000000000e+06,-6.877518380442822945e+02
6.760620000000000000e+06,-7.014761162052416239e+02
6.761552000000000000e+06,-6.587667725995878527e+02
6.762488000000000000e+06,-6.405004027716158816e+02
6.763424000000000000e+06,-6.294743323293550930e+02
6.764360000000000000e+06,-5.891729198225515347e+02
6.765292000000000000e+06,-6.101195707006460225e+02
6.766228000000000000e+06,-6.155637574059685448e+02
6.767164000000000000e+06,-6.070677075741382396e+02
6.768100000000000000e+06,-5.692324113196683584e+02
6.769032000000000000e+06,-5.578252082384284449e+02
6.769968000000000000e+06,-5.787448434538019910e+02
6.770904000000000000e+06,-5.574934139573211951e+02
6.771840000000000000e+06,-5.217255243663454394e+02
6.772772000000000000e+06,-5.032766179597867335e+02
6.773708000000000000e+06,-5.213445244860952243e+02
6.774644000000000000e+06,-5.204226842270520592e+02
6.775580000000000000e+06,-4.998379717488036817e+02
6.776512000000000000e+06,-5.037114843925757555e+02
6.777448000000000000e+06,-4.857248282112754509e+02
6.778384000000000000e+06,-4.669808507330651537e+02
6.779320000000000000e+06,-4.784625510866985110e+02
6.780252000000000000e+06,-5.104113787181070734e+02
6.781188000000000000e+06,-4.876123411102948353e+02
6.782124000000000000e+06,-4.600694618907368749e+02
6.783060000000000000e+06,-4.403813169573716095e+02
6.783992000000000000e+06,-4.537558926282883931e+02
6.784928000000000000e+06,-4.493054415565962358e+02
6.785864000000000000e+06,-4.655341038909231202e+02
6.786800000000000000e+06,-4.620133526226003937e+02
6.787732000000000000e+06,-4.561344660336207539e+02
6.788668000000000000e+06,-4.616417088418773460e+02
6.789604000000000000e+06,-4.710517897882130569e+02
6.790540000000000000e+06,-4.861130823416719409e+02
6.791472000000000000e+06,-4.908747530686820824e+02
6.792408000000000000e+06,-5.124445469364834480e+02
6.793344000000000000e+06,-4.966174941925384019e+02
6.794280000000000000e+06,-5.271486152276083885e+02
6.795212000000000000e+06,-5.439488196019206043e+02
6.796148000000000000e+06,-5.625011710303236896e+02
6.797084000000000000e+06,-5.983061913731602317e+02
6.798020000000000000e+06,-6.182761441407049006e+02
6.798952000000000000e+06,-6.439699832963075323e+02
6.799888000000000000e+06,-6.567651102816197408e+02
6.800824000000000000e+06,-6.884495476323207868e+02
6.801760000000000000e+06,-7.266741617096606660e+02
6.802692000000000000e+06,-7.576756640156075946e+02
6.803628000000000000e+06,-7.886788895608241319e+02
6.804564000000000000e+06,-7.795980744983717159e+02
6.805500000000000000e+06,-8.249731544873872053e+02
6.806432000000000000e+06,-8.324043471124492726e+02
6.807368000000000000e+06,-8.383087102483866602e+02
6.808304000000000000e+06,-8.504599614599718507e+02
6.809240000000000000e+06,-8.785830634924869855e+02
6.810172000000000000e+06,-8.728123136629479859e+02
6.811108000000000000e+06,-9.236382625814097764e+02
6.812044000000000000e+06,-9.336009344871290523e+02
6.812980000000000000e+06,-9.144364523710870571e+02
6.813912000000000000e+06,-9.239534267122606934e+02
6.814848000000000000e+06,-9.385695251807668456e+02
6.815784000000000000e+06,-9.416807374507292252e+02
6.816720000000000000e+06,-9.273413863057729714e+02
6.817652000000000000e+06,-9.424054805527761118e+02
6.818588000000000000e+06,-9.293340647005788924e+02
6.819524000000000000e+06,-9.306057899389892327e+02
6.820460000000000000e+06,-9.557222258743369139e+02
6.821392000000000000e+06,-9.233052535022975462e+02
6.822328000000000000e+06,-9.478290751227069677e+02
6.823264000000000000e+06,-9.266777694588545273e+02
6.824200000000000000e+06,-9.226768552016236526e+02
6.825132000000000000e+06,-9.250231687314362716e+02
6.826068000000000000e+06,-9.228025849217493715e+02
6.827004000000000000e+06,-8.897148565206456396e+02
6.827940000000000000e+06,-9.106641569361669326e+02
6.828872000000000000e+06,-8.881500344392286479e+02
6.829808000000000000e+06,-8.808310071092735143e+02
6.830744000000000000e+06,-8.970003482462194597e+02
6.831680000000000000e+06,-8.573889924221830370e+02
6.832612000000000000e+06,-8.932082443994387404e+02
6.833548000000000000e+06,-8.823799109031256194e+02
6.834484000000000000e+06,-8.921191302381628248e+02
6.835420000000000000e+06,-8.894730252783059541e+02
6.836352000000000000e+06,-8.872933269687722486e+02
6.837288000000000000e+06,-8.683524041964997195e+02
6.838224000000000000e+06,-8.656054530162522269e+02
6.839160000000000000e+06,-8.930105655384459169e+02
6.840092000000000000e+06,-9.202688834135130946e+02
6.841028000000000000e+06,-8.698239796387451861e+02
6.841964000000000000e+06,-8.714717007511544580e+02
6.842900000000000000e+06,-8.901229375395332681e+02
6.843832000000000000e+06,-9.100376703805395664e+02
6.844768000000000000e+06,-9.214457562633920134e+02
6.845704000000000000e+06,-9.361288930580070655e+02
6.846640000000000000e+06,-9.272873669964825467e+02
6.847572000000000000e+06,-9.486916212224857645e+02
6.848508000000000000e+06,-9.628248949101283642e+02
6.849444000000000000e+06,-9.426282635930809874e+02
6.850380000000000000e+06,-9.700351085918172203e+02
6.851312000000000000e+06,-9.995126156814650358e+02
6.852248000000000000e+06,-9.886094342221657598e+02
6.853184000000000000e+06,-9.957365052751990788e+02
6.854120000000000000e+06,-1.010604821356751359e+03
6.855052000000000000e+06,-1.036129698373661768e+03
6.855988000000000000e+06,-1.051331253845259880e+03
6.856924000000000000e+06,-1.060011845311727484e+03
6.857860000000000000e+06,-1.080932074118824175e+03
6.858792000000000000e+06,-1.061553363189577340e+03
6.859728000000000000e+06,-1.078404966727362080e+03
6.860664000000000000e+06,-1.086695994902005168e+03
6.861600000000000000e+06,-1.078059195007568178e+03
6.862532000000000000e+06,-1.078036922269145407e+03
6.863468000000000000e+06,-1.079480417578974766e+03
6.864404000000000000e+06,-1.059671635961966558e+03
6.865340000000000000e+06,-1.056497096818942737e+03
6.866272000000000000e+06,-1.046187154408062042e+03
6.867208000000000000e+06,-1.030488022956369377e+03
6.868144000000000000e+06,-1.022334580006395640e+03
6.869080000000000000e+06,-9.788337129445138771e+02
6.870012000000000000e+06,-9.500172930343336475e+02
6.870948000000000000e+06,-9.403871903368446965e+02
6.871884000000000000e+06,-9.521219791335512355e+02
6.872820000000000000e+06,-9.110289584205627307e+02
6.873752000000000000e+06,-8.863052885202541802e+02
6.874688000000000000e+06,-8.784775913287310232e+02
6.875624000000000000e+06,-8.424590029855323792e+02
6.876560000000000000e+06,-8.052549538736179784e+02
6.877492000000000000e+06,-7.897834762161193112e+02
6.878428000000000000e+06,-7.712235919172344438e+02
6.879364000000000000e+06,-7.451426637496174408e+02
6.880300000000000000e+06,-7.192236110027719178e+02
6.881232000000000000e+06,-6.529459104613781619e+02
6.882168000000000000e+06,-6.029025710668428246e+02
6.883104000000000000e+06,-5.727797815116326774e+02
6.884972000000000000e+06,-5.487635688594987187e+02
6.885908000000000000e+06,-5.337453341467441987e+02
6.886844000000000000e+06,-4.907069977500738105e+02
6.887780000000000000e+06,-4.729045159120761355e+02
6.888712000000000000e+06,-4.617205741701378088e+02
6.889648000000000000e+06,-4.273064582893506440e+02
6.890584000000000000e+06,-3.816314156327300111e+02
6.891520000000000000e+06,-3.809423566416313633e+02
6.892452000000000000e+06,-3.464747912547969122e+02
6.893388000000000000e+06,-3.021390516347096309e+02
6.894324000000000000e+06,-2.786381238689432394e+02
6.895260000000000000e+06,-2.846863897326463189e+02
6.896192000000000000e+06,-2.683908958559795224e+02
6.897128000000000000e+06,-2.429011369651456960e+02
6.898064000000000000e+06,-2.303259290573933242e+02
6.899000000000000000e+06,-2.267976569819695669e+02
6.899932000000000000e+06,-1.898817887372707105e+02
6.900868000000000000e+06,-2.145266089136516996e+02
6.901804000000000000e+06,-1.943614952301690266e+02
6.902740000000000000e+06,-2.141222620304160387e+02
6.903672000000000000e+06,-2.073705579891725108e+02
6.904608000000000000e+06,-1.980751894918267908e+02
6.905544000000000000e+06,-1.795663137002980250e+02
6.906480000000000000e+06,-1.500870258305427001e+02
6.907412000000000000e+06,-1.404122362828337316e+02
6.908348000000000000e+06,-1.546753126986284883e+02
6.909284000000000000e+06,-1.420236405354629596e+02
6.910220000000000000e+06,-8.916636381704144299e+01
6.911152000000000000e+06,-1.395396769411309208e+02
6.912088000000000000e+06,-1.218513266598589837e+02
6.913028000000000000e+06,-1.403899874834326340e+02
6.913960000000000000e+06,-1.109143882969655550e+02
6.914892000000000000e+06,-1.152098193852195749e+02
6.915828000000000000e+06,-1.119224889439252166e+02
6.916764000000000000e+06,-9.006854490150887216e+01
6.917700000000000000e+06,-7.964159796114653034e+01
6.918632000000000000e+06,-4.997537653697095550e+01
6.919568000000000000e+06,-6.934900698434886124e+01
6.920504000000000000e+06,-6.027278448891272689e+01
6.921440000000000000e+06,-8.424404021508003382e+01
6.922372000000000000e+06,-7.578529465028621814e+01
6.923308000000000000e+06,-8.173460729125528701e+01
6.924244000000000000e+06,-1.180700287692964139e+02
6.925180000000000000e+06,-1.251619904449448910e+02
6.926112000000000000e+06,-1.610907973532572157e+02
6.927048000000000000e+06,-1.747413805758194485e+02
6.927984000000000000e+06,-2.086477122968396714e+02
6.928920000000000000e+06,-2.589223853942062874e+02
6.929852000000000000e+06,-2.951602368771451665e+02
6.930788000000000000e+06,-3.249340759413863680e+02
6.931724000000000000e+06,-3.316247713038777647e+02
6.932660000000000000e+06,-3.991209313660891667e+02
6.933592000000000000e+06,-4.705069339938225994e+02
6.934536000000000000e+06,-5.170129968337084847e+02
6.935464000000000000e+06,-5.342142199791863959e+02
6.936400000000000000e+06,-5.763809100074605567e+02
6.937332000000000000e+06,-6.502776135348095750e+02
6.938268000000000000e+06,-7.099236306439487407e+02
6.939204000000000000e+06,-7.431506591944169031e+02
6.940140000000000000e+06,-7.676310607362188421e+02
6.941072000000000000e+06,-8.440804261360491410e+02
6.942008000000000000e+06,-8.955338522236212384e+02
6.942944000000000000e+06,-9.117315958901219801e+02
6.943880000000000000e+06,-9.526535418946783693e+02
6.944812000000000000e+06,-1.002167738998038544e+03
6.945748000000000000e+06,-1.032513115715598360e+03
6.946684000000000000e+06,-1.100963518062340199e+03
6.947620000000000000e+06,-1.088484562847323105e+03
6.948552000000000000e+06,-1.122422805734161557e+03
6.950424000000000000e+06,-1.141749380349846660e+03
6.951360000000000000e+06,-1.143685713052531128e+03
6.952292000000000000e+06,-1.168591882736693833e+03
6.953228000000000000e+06,-1.145727829231535452e+03
6.954164000000000000e+06,-1.147165863812363568e+03
6.955100000000000000e+06,-1.153775775173914781e+03
6.956040000000000000e+06,-1.151516869191168325e+03
6.956968000000000000e+06,-1.151977491607224920e+03
6.957904000000000000e+06,-1.159657541467573537e+03
6.958840000000000000e+06,-1.151733297602208268e+03
6.959772000000000000e+06,-1.142985447860055501e+03
6.960708000000000000e+06,-1.127655309566467849e+03
6.961644000000000000e+06,-1.148274114235264278e+03
6.962580000000000000e+06,-1.139306891641454285e+03
6.963512000000000000e+06,-1.098552434397318621e+03
6.964448000000000000e+06,-1.096998193357424270e+03
6.965384000000000000e+06,-1.068388154629283235e+03
6.966320000000000000e+06,-1.071267593417991975e+03
6.967252000000000000e+06,-1.056379354695055326e+03
6.968188000000000000e+06,-1.037035555156275677e+03
6.969124000000000000e+06,-1.003657389074697903e+03
6.970060000000000000e+06,-9.893464082052947788e+02
6.970992000000000000e+06,-9.744676714700344746e+02
6.971928000000000000e+06,-9.117497845887882022e+02
6.972864000000000000e+06,-8.974657123225762234e+02
6.973800000000000000e+06,-9.005421950267248121e+02
6.974732000000000000e+06,-9.083091737556135286e+02
6.975668000000000000e+06,-9.008061282201218773e+02
6.976604000000000000e+06,-8.725269512853951710e+02
6.977544000000000000e+06,-8.373925042453770402e+02
6.978472000000000000e+06,-8.572847096468481141e+02
6.979408000000000000e+06,-8.632670380777148011e+02
6.980344000000000000e+06,-8.721549337195352791e+02
6.981280000000000000e+06,-8.040567169640302154e+02
6.982212000000000000e+06,-8.412925527479634411e+02
6.983148000000000000e+06,-8.295674883624288896e+02
6.984084000000000000e+06,-8.122894890564759862e+02
6.985020000000000000e+06,-7.976766985201295483e+02
6.985952000000000000e+06,-8.014379421800059617e+02
6.986888000000000000e+06,-8.114668041656809692e+02
6.987824000000000000e+06,-8.007600452029664666e+02
6.988760000000000000e+06,-8.045665179958899671e+02
6.989692000000000000e+06,-7.894618288153114918e+02
6.990628000000000000e+06,-7.839401385203523205e+02
6.991564000000000000e+06,-7.901160380649861281e+02
6.992500000000000000e+06,-7.698322756155694151e+02
6.993432000000000000e+06,-7.415562663880008358e+02
6.994368000000000000e+06,-7.428458362916472879e+02
6.995304000000000000e+06,-6.920116199319083989e+02
6.996240000000000000e+06,-6.675821951394769940e+02
6.997172000000000000e+06,-6.276547073615107593e+02
6.998108000000000000e+06,-5.848710678434766805e+02
6.999048000000000000e+06,-5.633614041037301376e+02
6.999980000000000000e+06,-5.182473669813123252e+02
7.000912000000000000e+06,-4.430869751651935644e+02
7.001848000000000000e+06,-3.825546751524593105e+02
7.002784000000000000e+06,-3.426664857826075945e+02
7.003720000000000000e+06,-2.790382505654700367e+02
7.004652000000000000e+06,-2.141366434143715765e+02
7.005588000000000000e+06,-1.416170333498795912e+02
7.006524000000000000e+06,-8.225203907968538886e+01
7.007460000000000000e+06,-2.945820334520429284e+01
7.008392000000000000e+06,2.127479126093733086e+01
7.009328000000000000e+06,7.116288512871702210e+01
7.010264000000000000e+06,1.243769159167415239e+02
7.011200000000000000e+06,2.176980166633121598e+02
7.012132000000000000e+06,2.825260138361761051e+02
7.013068000000000000e+06,3.555257966675616785e+02
7.014004000000000000e+06,4.028140616905510569e+02
7.015872000000000000e+06,4.642307932875211804e+02
7.016808000000000000e+06,5.023087537812143069e+02
7.017744000000000000e+06,5.341843873320616467e+02
7.018680000000000000e+06,5.848317180737191165e+02
7.019612000000000000e+06,6.343997535675753170e+02
7.020556000000000000e+06,6.587241960490321162e+02
7.021484000000000000e+06,7.267382505557776540e+02
7.022420000000000000e+06,7.200217008204530202e+02
7.023352000000000000e+06,7.770284338275805567e+02
7.024288000000000000e+06,7.844829497160181973e+02
7.025224000000000000e+06,8.067805370548937844e+02
7.026160000000000000e+06,8.045407170475932617e+02
7.027092000000000000e+06,8.176490713372882055e+02
7.028028000000000000e+06,8.692077844143619814e+02
7.028964000000000000e+06,8.432020403733515650e+02
7.029900000000000000e+06,8.289288142783087778e+02
7.030832000000000000e+06,8.850567410055475648e+02
7.031768000000000000e+06,8.478481156214647854e+02
7.032704000000000000e+06,8.618866039823528808e+02
7.033640000000000000e+06,8.812322744994288541e+02
7.034572000000000000e+06,8.803954294482699652e+02
7.035508000000000000e+06,8.819225558262992308e+02
7.036444000000000000e+06,8.557168994100857162e+02
7.037380000000000000e+06,8.717260897993894559e+02
7.038312000000000000e+06,8.751838417635543692e+02
7.039248000000000000e+06,8.603763978596471134e+02
7.040184000000000000e+06,8.896568074297201747e+02
7.041120000000000000e+06,8.564758443103951322e+02
7.042060000000000000e+06,8.359721004496143451e+02
7.042988000000000000e+06,8.487453439100863761e+02
7.043924000000000000e+06,8.614926225109762754e+02
7.044860000000000000e+06,8.609470915581759982e+02
7.045792000000000000e+06,8.630800672764116825e+02
7.046728000000000000e+06,8.732632488934457342e+02
7.047664000000000000e+06,8.565366187334503820e+02
7.048600000000000000e+06,8.313913624963747679e+02
7.049532000000000000e+06,8.594001670477323387e+02
7.050468000000000000e+06,8.851725395655072361e+02
7.051404000000000000e+06,8.564416984528722878e+02
7.052340000000000000e+06,8.180887460365338484e+02
7.053272000000000000e+06,8.369783220783156139e+02
7.054208000000000000e+06,8.327368849015387013e+02
7.055144000000000000e+06,7.954261033636598768e+02
7.056080000000000000e+06,7.847157899060294994e+02
7.057012000000000000e+06,7.698755295849865661e+02
7.057948000000000000e+06,7.292680438033025894e+02
7.058884000000000000e+06,6.863411111455810669e+02
7.059820000000000000e+06,6.558633082285690534e+02
7.060752000000000000e+06,6.279593928971326022e+02
7.061688000000000000e+06,6.327941060746655921e+02
7.062624000000000000e+06,5.745591784415009897e+02
7.063564000000000000e+06,5.273041790262552695e+02
7.064492000000000000e+06,5.272577015869588877e+02
7.065428000000000000e+06,4.947214917839443729e+02
7.066364000000000000e+06,4.537693047164352720e+02
7.067300000000000000e+06,4.154283325347035998e+02
7.068232000000000000e+06,3.744418602141496422e+02
7.069168000000000000e+06,3.737329216490795147e+02
7.070104000000000000e+06,3.852240754974916399e+02
7.071040000000000000e+06,3.133140247425480993e+02
7.071972000000000000e+06,3.067269557095474966e+02
7.072908000000000000e+06,3.017502045532153829e+02
7.073844000000000000e+06,2.688054678126241583e+02
7.074780000000000000e+06,2.555496740467413019e+02
7.075712000000000000e+06,2.494431395243789495e+02
7.076648000000000000e+06,2.370868334618610049e+02
7.077584000000000000e+06,2.255726005441097755e+02
7.078520000000000000e+06,2.142206117999541561e+02
7.079452000000000000e+06,2.205336661165699468e+02
7.080388000000000000e+06,2.214125891349291351e+02
7.081324000000000000e+06,2.117038932428679061e+02
7.082260000000000000e+06,1.958896438348950255e+02
7.083192000000000000e+06,1.810350992538262744e+02
7.084128000000000000e+06,2.034183966126351208e+02
7.085068000000000000e+06,1.751868243745273901e+02
7.086000000000000000e+06,1.819435258960550641e+02
7.086932000000000000e+06,1.811391420942630646e+02
7.087868000000000000e+06,1.896697832600124514e+02
7.088804000000000000e+06,1.911351727172169035e+02
7.089740000000000000e+06,1.916431042074339643e+02
7.090672000000000000e+06,2.127419464196351839e+02
7.091608000000000000e+06,2.298110307861039985e+02
7.092544000000000000e+06,2.358426472364651829e+02
7.093480000000000000e+06,2.577542616555282962e+02
7.094412000000000000e+06,2.776774966009580794e+02
7.095348000000000000e+06,2.698793060444683647e+02
7.096284000000000000e+06,2.521034808129558655e+02
7.097220000000000000e+06,3.062946315352072588e+02
7.098152000000000000e+06,3.277092051386140952e+02
7.099088000000000000e+06,3.354736176655201234e+02
7.100024000000000000e+06,3.592592191283861212e+02
7.100960000000000000e+06,3.807674829737268851e+02
7.101892000000000000e+06,4.095859819562661528e+02
7.102828000000000000e+06,4.157293835821603807e+02
7.103764000000000000e+06,4.573773017634038638e+02
7.104700000000000000e+06,4.716844921684251517e+02
7.105632000000000000e+06,4.984684987162436300e+02
7.106576000000000000e+06,5.162136145701014129e+02
7.107504000000000000e+06,5.411253353936908752e+02
7.108440000000000000e+06,5.778008636074949891e+02
7.109372000000000000e+06,5.885111107436756583e+02
7.110308000000000000e+06,6.213640823070105625e+02
7.111244000000000000e+06,6.377384300942810569e+02
7.112180000000000000e+06,6.647167364771707980e+02
7.113112000000000000e+06,6.582310078554731945e+02
7.114048000000000000e+06,6.868711213741939901e+02
7.114984000000000000e+06,7.014523594632776167e+02
7.115920000000000000e+06,6.983585795921634372e+02
7.116852000000000000e+06,7.195082548242701250e+02
7.117788000000000000e+06,7.443208342123750754e+02
7.118724000000000000e+06,7.581520124127954432e+02
7.119660000000000000e+06,7.709927928851225261e+02
7.120592000000000000e+06,7.872941611973960789e+02
7.121528000000000000e+06,8.196125884129286305e+02
7.122464000000000000e+06,8.083580975104556501e+02
7.123400000000000000e+06,8.214683993653319476e+02
7.124332000000000000e+06,8.260105253382723731e+02
7.125268000000000000e+06,8.411807858740346546e+02
7.126204000000000000e+06,8.675574689590101798e+02
7.127140000000000000e+06,8.500214451103904594e+02
7.128080000000000000e+06,8.890444505810122564e+02
7.129008000000000000e+06,9.077147933366692314e+02
7.129944000000000000e+06,9.117021264397261575e+02
7.130880000000000000e+06,9.640592776609245220e+02
7.131812000000000000e+06,9.730542375386587537e+02
7.132748000000000000e+06,9.889460738151595933e+02
7.133684000000000000e+06,1.001678222197428568e+03
7.134620000000000000e+06,1.020837802077702349e+03
7.135552000000000000e+06,1.061919907011991427e+03
7.136488000000000000e+06,1.066948116361704933e+03
7.137424000000000000e+06,1.080313523432397687e+03
7.138360000000000000e+06,1.103250278590950984e+03
7.139292000000000000e+06,1.109412607183296586e+03
7.140228000000000000e+06,1.172502379702292501e+03
7.141164000000000000e+06,1.163595568274671223e+03
7.142100000000000000e+06,1.149672435251696243e+03
7.143032000000000000e+06,1.144247657341085642e+03
7.143968000000000000e+06,1.167000487136425591e+03
7.144904000000000000e+06,1.169124376517673454e+03
7.145840000000000000e+06,1.177637877811970156e+03
7.146772000000000000e+06,1.168944559447770644e+03
7.147708000000000000e+06,1.158579971864099434e+03
7.148644000000000000e+06,1.159124829412688996e+03
7.149584000000000000e+06,1.117405864855521941e+03
7.150512000000000000e+06,1.116302642414941602e+03
7.151448000000000000e+06,1.108121025302589942e+03
7.152384000000000000e+06,1.089167607453329765e+03
7.153320000000000000e+06,1.081092901908275735e+03
7.154252000000000000e+06,1.058069940998299899e+03
7.155188000000000000e+06,1.060280315946801238e+03
7.156124000000000000e+06,1.026540425099773302e+03
7.157060000000000000e+06,1.032529636009118576e+03
7.157992000000000000e+06,1.018960691825838580e+03
7.158928000000000000e+06,1.013183733037799925e+03
7.159864000000000000e+06,9.943639737823026508e+02
7.160800000000000000e+06,9.954149353483803679e+02
7.161732000000000000e+06,9.547416111326324426e+02
7.162668000000000000e+06,9.677128167671388610e+02
7.163604000000000000e+06,9.746088571401550098e+02
7.164540000000000000e+06,9.800301148310132930e+02
7.165472000000000000e+06,9.818424140986900284e+02
7.166408000000000000e+06,1.009673104002896139e+03
7.167344000000000000e+06,9.966129774242660915e+02
7.168280000000000000e+06,9.525830981607223293e+02
7.169212000000000000e+06,9.673836488328562382e+02
7.170148000000000000e+06,9.713508350327722383e+02
7.171088000000000000e+06,9.528381915541890521e+02
7.172020000000000000e+06,9.516720192956523761e+02
7.172952000000000000e+06,9.735946787270006553e+02
7.173888000000000000e+06,9.636981943002066373e+02
7.174824000000000000e+06,9.334128035189743287e+02
7.175760000000000000e+06,9.106507592081596840e+02
7.176692000000000000e+06,9.147373424546998422e+02
7.177628000000000000e+06,8.972484367338917082e+02
7.178564000000000000e+06,8.806972120030214910e+02
7.179500000000000000e+06,8.643860781719570241e+02
7.180432000000000000e+06,8.488310152677520364e+02
7.181368000000000000e+06,8.302332700202302931e+02
7.182304000000000000e+06,8.003476851709095854e+02
7.183240000000000000e+06,7.930522731939173582e+02
7.184172000000000000e+06,7.741305170170205656e+02
7.185108000000000000e+06,7.524040911101141091e+02
7.186044000000000000e+06,7.174795683775694215e+02
7.186980000000000000e+06,6.836742185937739578e+02
7.187912000000000000e+06,6.539727063062581465e+02
7.188848000000000000e+06,6.430851921857504294e+02
7.189784000000000000e+06,6.347273166835848315e+02
7.190720000000000000e+06,6.156109370015385593e+02
7.191652000000000000e+06,5.752741425095376826e+02
7.192596000000000000e+06,5.818963224361693847e+02
7.193524000000000000e+06,5.597028178213696492e+02
7.194460000000000000e+06,5.442625987126576774e+02
7.195392000000000000e+06,5.339298600995176685e+02
7.196328000000000000e+06,5.087033592319232866e+02
7.197264000000000000e+06,5.139869523464047916e+02
7.198200000000000000e+06,4.981807090944643619e+02
7.199132000000000000e+06,4.840994400623525280e+02
7.200068000000000000e+06,4.998692255216544140e+02
7.201004000000000000e+06,5.417159008548687780e+02
7.201940000000000000e+06,5.299018031498551409e+02
7.202872000000000000e+06,5.053037631616153362e+02
7.203808000000000000e+06,5.058159743437224165e+02
7.204744000000000000e+06,5.264180366271914409e+02
7.205680000000000000e+06,5.315346479178215304e+02
7.206612000000000000e+06,5.420966373807809759e+02
7.207548000000000000e+06,5.690726259191585541e+02
7.208484000000000000e+06,5.704591328828711312e+02
7.209420000000000000e+06,5.837857627327394994e+02
7.210352000000000000e+06,6.046225939566563738e+02
7.211288000000000000e+06,6.168935394286741030e+02
7.212224000000000000e+06,6.176353379278957618e+02
7.213160000000000000e+06,6.116872214140023516e+02
7.214100000000000000e+06,6.154394759163823210e+02
7.215028000000000000e+06,6.151497870149593155e+02
7.215964000000000000e+06,6.256897593111651759e+02
7.216900000000000000e+06,6.517202907447460802e+02
7.217832000000000000e+06,6.275680610256986256e+02
7.218768000000000000e+06,6.107726751499449165e+02
7.219704000000000000e+06,6.113637437036956044e+02
7.220640000000000000e+06,6.126049893169565621e+02
7.221572000000000000e+06,6.327715894116802247e+02
7.222508000000000000e+06,6.142960703377016216e+02
7.223444000000000000e+06,6.003077830999721982e+02
7.224380000000000000e+06,6.025470196460153147e+02
7.225312000000000000e+06,6.025655592021787470e+02
7.226248000000000000e+06,6.234604618987838194e+02
7.227184000000000000e+06,6.132348745358896167e+02
7.228120000000000000e+06,6.046853814022584857e+02
7.229052000000000000e+06,6.243240225845559053e+02
7.229988000000000000e+06,6.263532370914080047e+02
7.230924000000000000e+06,6.368354275589176723e+02
7.231860000000000000e+06,6.464691233485970088e+02
7.232792000000000000e+06,6.266918071728395034e+02
7.233728000000000000e+06,6.363490078138125909e+02
7.234664000000000000e+06,6.342067363425948088e+02
7.235604000000000000e+06,6.403173082043454087e+02
7.236532000000000000e+06,6.439780243797600860e+02
7.237468000000000000e+06,6.525848512588939911e+02
7.238404000000000000e+06,6.559984471787032589e+02
7.239340000000000000e+06,6.440461704692258991e+02
7.240272000000000000e+06,6.469612657780339759e+02
7.241208000000000000e+06,6.184021982805135167e+02
7.242144000000000000e+06,6.085245827793296485e+02
7.243080000000000000e+06,6.184107959222868658e+02
7.244012000000000000e+06,6.190072865332595029e+02
7.244948000000000000e+06,5.890613872646398477e+02
7.245884000000000000e+06,5.813512194445486330e+02
7.246820000000000000e+06,5.932428965140245509e+02
7.247752000000000000e+06,5.760826865823887601e+02
7.248688000000000000e+06,5.483596942762756044e+02
7.249624000000000000e+06,5.444856564568088970e+02
7.250560000000000000e+06,5.249149334472690498e+02
7.251492000000000000e+06,5.400343024168972761e+02
7.252428000000000000e+06,5.344884775994519259e+02
7.253364000000000000e+06,5.348143614023958889e+02
7.254300000000000000e+06,5.022792925521496841e+02
7.255232000000000000e+06,5.049661300046353745e+02
7.256168000000000000e+06,4.969913215978205585e+02
7.257108000000000000e+06,5.145777924968746220e+02
7.258040000000000000e+06,5.100687833822846642e+02
7.258972000000000000e+06,4.977503652184084899e+02
7.259908000000000000e+06,5.269427893981412581e+02
7.260844000000000000e+06,5.019344078330875050e+02
7.261780000000000000e+06,5.127797845570340769e+02
7.262712000000000000e+06,5.379977432502827241e+02
7.263648000000000000e+06,5.467541171281973220e+02
7.264584000000000000e+06,5.683963597029676293e+02
7.265520000000000000e+06,5.977524861131604439e+02
7.266452000000000000e+06,5.889574455739410723e+02
7.267388000000000000e+06,5.818479700465459246e+02
7.268324000000000000e+06,6.119657064142006675e+02
7.269260000000000000e+06,5.768613442737356536e+02
7.270192000000000000e+06,5.985207890623611320e+02
7.271128000000000000e+06,6.259447821582170945e+02
7.272064000000000000e+06,6.138127282211324882e+02
7.273000000000000000e+06,6.089797691324710058e+02
7.273932000000000000e+06,6.261214978746137376e+02
7.274868000000000000e+06,6.416878684543085001e+02
7.275804000000000000e+06,6.379407353873189095e+02
7.276740000000000000e+06,6.361651928216024316e+02
7.277672000000000000e+06,6.326896468795393957e+02
7.278612000000000000e+06,6.105965437374434259e+02
7.279544000000000000e+06,5.778045280509063559e+02
7.280480000000000000e+06,5.727723444289238159e+02
7.281412000000000000e+06,5.899792723524329858e+02
7.282348000000000000e+06,5.886236582732913121e+02
7.283284000000000000e+06,5.518847041286539934e+02
7.284220000000000000e+06,5.464812130402428920e+02
7.285152000000000000e+06,4.993733230357132697e+02
7.286088000000000000e+06,5.032516935409625489e+02
7.287024000000000000e+06,4.607870155815980411e+02
7.287960000000000000e+06,4.593662328438694544e+02
7.288892000000000000e+06,4.353601016036733427e+02
7.289828000000000000e+06,4.694219533223283065e+02
7.290764000000000000e+06,4.563266396509355332e+02
7.291700000000000000e+06,4.309738572612045004e+02
7.292632000000000000e+06,4.532558389527227973e+02
7.293568000000000000e+06,4.487202388537350544e+02
7.294504000000000000e+06,4.424038108458003649e+02
7.295440000000000000e+06,4.452585489462153987e+02
7.296372000000000000e+06,4.554432159443177852e+02
7.297308000000000000e+06,4.636139113879254410e+02
7.298244000000000000e+06,4.654741591414417030e+02
7.299180000000000000e+06,4.824944772108680695e+02
7.300116000000000000e+06,4.830251125701226442e+02
7.301048000000000000e+06,5.272159248156243621e+02
7.301984000000000000e+06,5.072627464113434712e+02
7.302920000000000000e+06,5.544959133830847122e+02
7.303852000000000000e+06,5.200248412634551869e+02
7.304788000000000000e+06,5.392766777239852445e+02
7.305724000000000000e+06,5.517431038649979200e+02
7.306660000000000000e+06,5.467552429262368605e+02
7.307592000000000000e+06,5.659535912185846200e+02
7.308528000000000000e+06,5.548874095878246635e+02
7.309464000000000000e+06,5.323450640002790806e+02
7.310400000000000000e+06,5.708370018088111237e+02
7.311332000000000000e+06,5.322709185951093787e+02
7.312268000000000000e+06,5.155602240411390085e+02
7.313204000000000000e+06,4.932678548796452560e+02
7.314140000000000000e+06,4.814251540867466588e+02
7.315072000000000000e+06,4.791671800741665379e+02
7.316008000000000000e+06,4.658673651676833174e+02
7.316944000000000000e+06,4.724364625831459534e+02
7.317880000000000000e+06,4.237078453834669745e+02
7.318812000000000000e+06,4.473997930372331098e+02
7.319748000000000000e+06,4.200982309114513669e+02
7.320684000000000000e+06,4.218438596587749885e+02
7.321620000000000000e+06,4.062192293956421167e+02
7.322552000000000000e+06,3.651223989729218147e+02
7.323488000000000000e+06,3.620891342034454397e+02
7.324424000000000000e+06,3.581233335680713594e+02
7.325360000000000000e+06,3.405779554660778103e+02
7.326292000000000000e+06,3.404136629167333581e+02
7.327228000000000000e+06,3.270689095883180926e+02
7.328164000000000000e+06,3.110293004617587940e+02
7.329100000000000000e+06,3.244921339968963707e+02
7.330032000000000000e+06,3.496787353003379621e+02
7.330968000000000000e+06,3.387887377217555809e+02
7.331904000000000000e+06,3.165168364301443944e+02
7.332840000000000000e+06,3.423000775630794124e+02
7.333772000000000000e+06,3.658527201862956417e+02
7.334708000000000000e+06,3.649621639680553926e+02
7.335644000000000000e+06,3.742784079165947446e+02
7.336580000000000000e+06,3.937382189236229237e+02
7.337512000000000000e+06,4.014746144352175179e+02
7.338448000000000000e+06,4.176327832184063027e+02
7.339384000000000000e+06,4.270034582419410754e+02
7.340320000000000000e+06,4.059629006098120385e+02
7.341252000000000000e+06,4.402869691424566554e+02
7.342188000000000000e+06,4.577577091469918287e+02
7.343124000000000000e+06,4.713458805192387331e+02
7.344060000000000000e+06,4.871916842098158895e+02
7.344992000000000000e+06,5.016446709967913193e+02
7.345928000000000000e+06,5.347896642709874868e+02
7.346864000000000000e+06,5.458584006941182452e+02
7.347800000000000000e+06,5.572562588826099272e+02
7.348732000000000000e+06,5.588596211419439896e+02
7.349668000000000000e+06,5.831352946516368547e+02
7.350604000000000000e+06,5.985748719337416333e+02
7.351540000000000000e+06,6.262669213798969849e+02
7.352472000000000000e+06,6.390318660290026855e+02
7.353408000000000000e+06,6.559235025007889135e+02
7.354344000000000000e+06,6.743931800109859296e+02
7.355280000000000000e+06,6.776503577445834026e+02
7.356212000000000000e+06,6.843282702608889849e+02
7.357148000000000000e+06,6.970715508477572939e+02
7.358084000000000000e+06,7.239427460149852323e+02
7.359020000000000000e+06,7.315436374432297271e+02
7.359952000000000000e+06,7.500043954940505273e+02
7.360888000000000000e+06,7.801975365963236300e+02
7.361824000000000000e+06,8.062879465946232358e+02
7.362760000000000000e+06,8.170329302532554721e+02
7.363692000000000000e+06,8.409103682373701076e+02
7.364628000000000000e+06,8.543841468064059654e+02
7.365564000000000000e+06,8.675122604811938345e+02
7.366500000000000000e+06,8.758919685579407997e+02
7.367432000000000000e+06,8.933820181252222028e+02
7.368368000000000000e+06,9.106559247288879533e+02
7.369304000000000000e+06,9.455790451351691672e+02
7.370240000000000000e+06,9.864263801275164951e+02
7.371172000000000000e+06,9.896892781538631425e+02
7.372108000000000000e+06,1.006112146580381250e+03
7.373044000000000000e+06,9.997943413505164472e+02
7.373980000000000000e+06,1.010409245595515358e+03
7.374912000000000000e+06,1.014124012151146076e+03
7.375848000000000000e+06,1.036152817998531646e+03
7.376784000000000000e+06,1.044972585791789015e+03
7.377720000000000000e+06,1.041505931594522735e+03
7.378652000000000000e+06,1.014171056197412554e+03
7.379588000000000000e+06,1.014270472329102859e+03
7.380524000000000000e+06,1.038491639873008580e+03
7.381460000000000000e+06,1.011056250155776183e+03
7.382392000000000000e+06,1.029502090867209063e+03
7.383328000000000000e+06,1.024240096532769712e+03
7.384264000000000000e+06,1.038593411036904854e+03
7.385200000000000000e+06,1.033582339410193299e+03
7.386132000000000000e+06,1.020567232219139555e+03
7.387068000000000000e+06,1.025785922991271036e+03
7.388004000000000000e+06,1.036534690807634661e+03
7.388940000000000000e+06,1.041037971935669248e+03
7.389872000000000000e+06,1.033241577793801525e+03
7.390808000000000000e+06,1.033805621322061825e+03
7.391744000000000000e+06,1.082705976555383813e+03
7.392680000000000000e+06,1.081977783050056360e+03
7.393612000000000000e+06,1.062104709639329258e+03
7.394548000000000000e+06,1.079883803773982436e+03
7.395484000000000000e+06,1.075236009050075836e+03
7.396420000000000000e+06,1.089249999948479172e+03
7.397352000000000000e+06,1.115588224578318432e+03
7.398288000000000000e+06,1.124857029786691783e+03
7.399224000000000000e+06,1.141948158484047099e+03
7.400160000000000000e+06,1.147219195544173317e+03
7.401092000000000000e+06,1.153826557376955407e+03
7.402028000000000000e+06,1.133191485342454598e+03
7.402964000000000000e+06,1.136780842753758634e+03
7.403900000000000000e+06,1.149221426741884898e+03
7.404832000000000000e+06,1.169520874856925957e+03
7.405768000000000000e+06,1.175391294364401574e+03
7.406704000000000000e+06,1.153888559082106894e+03
7.407640000000000000e+06,1.158736323686782271e+03
7.408572000000000000e+06,1.147376845698117904e+03
7.409508000000000000e+06,1.120818840455357986e+03
7.410444000000000000e+06,1.119857496716095056e+03
7.411380000000000000e+06,1.105218447236589327e+03
7.412312000000000000e+06,1.089230600401779384e+03
7.413248000000000000e+06,1.064263424569287054e+03
7.414184000000000000e+06,1.035979253469765354e+03
7.415120000000000000e+06,1.030972102067851893e+03
7.416052000000000000e+06,9.725823265256424293e+02
7.416988000000000000e+06,9.519343717025689102e+02
7.417924000000000000e+06,9.207917134979139746e+02
7.418860000000000000e+06,8.790309993193382070e+02
7.419792000000000000e+06,8.390441687936753397e+02
7.420728000000000000e+06,8.069861786594359501e+02
7.421664000000000000e+06,7.931611488591225907e+02
7.422600000000000000e+06,7.682173016353619914e+02
7.423532000000000000e+06,7.426416718564552184e+02
7.424468000000000000e+06,6.905151022061261301e+02
7.425404000000000000e+06,6.374299984533929546e+02
7.426340000000000000e+06,6.118385664668369373e+02
7.427272000000000000e+06,6.055867197530965313e+02
7.428208000000000000e+06,5.586405973444781239e+02
7.429144000000000000e+06,5.496595636105075755e+02
7.430080000000000000e+06,5.073573314486520758e+02
7.431012000000000000e+06,4.968596815129989182e+02
7.431948000000000000e+06,4.712763309383769297e+02
7.432884000000000000e+06,4.604061179185940773e+02
7.433820000000000000e+06,4.198127746699395288e+02
7.434752000000000000e+06,4.039021557695858746e+02
7.435688000000000000e+06,3.898945522240096579e+02
7.436624000000000000e+06,3.924832578684982991e+02
7.437560000000000000e+06,3.568441978011540527e+02
7.438492000000000000e+06,3.257943469065079967e+02
7.439428000000000000e+06,3.107701346045574837e+02
7.440364000000000000e+06,2.577865545575118631e+02
7.441300000000000000e+06,2.430210007885472976e+02
7.442232000000000000e+06,2.355548489845549796e+02
7.443168000000000000e+06,2.477479786685067893e+02
7.444104000000000000e+06,2.115454331764073572e+02
7.445040000000000000e+06,1.806410241704208772e+02
7.445972000000000000e+06,1.388361455384614089e+02
7.446908000000000000e+06,1.140570538558843907e+02
7.447844000000000000e+06,9.929727740100432243e+01
7.448780000000000000e+06,5.241542658151873724e+01
7.449712000000000000e+06,3.558245546697756367e+01
7.450648000000000000e+06,-2.227095923335930294e+01
7.451584000000000000e+06,-2.343072247803575081e+01
7.452520000000000000e+06,-4.878112469227479409e+01
7.453452000000000000e+06,-6.247151017121559846e+01
7.454388000000000000e+06,-8.368440154434270539e+01
7.455324000000000000e+06,-1.360429294582240516e+02
7.456260000000000000e+06,-1.473042456462480629e+02
7.457192000000000000e+06,-1.826085981535745759e+02
7.458128000000000000e+06,-2.079137903361338431e+02
7.459064000000000000e+06,-2.419678739330507256e+02
7.460000000000000000e+06,-2.591282884777395452e+02
7.460932000000000000e+06,-3.077561976941422017e+02
7.461868000000000000e+06,-3.271279006285552100e+02
7.462804000000000000e+06,-3.364390387883334483e+02
7.463740000000000000e+06,-3.579935153083753789e+02
7.464672000000000000e+06,-3.794606158651604346e+02
7.465608000000000000e+06,-3.827036050262469189e+02
7.466544000000000000e+06,-4.245965868507615255e+02
7.467480000000000000e+06,-4.098261352195070799e+02
7.468412000000000000e+06,-4.077980447967049145e+02
7.469348000000000000e+06,-3.986656426766471668e+02
7.470284000000000000e+06,-3.754497076536970326e+02
7.471220000000000000e+06,-3.944239687242380796e+02
7.472152000000000000e+06,-3.817025852078640469e+02
7.473088000000000000e+06,-3.648918066992708304e+02
7.474024000000000000e+06,-3.502688614034690886e+02
7.474960000000000000e+06,-3.334345945070955963e+02
7.475892000000000000e+06,-3.237949878591238075e+02
7.476828000000000000e+06,-2.976651945185009822e+02
7.477764000000000000e+06,-2.719034453476040198e+02
7.478700000000000000e+06,-2.209041709104042752e+02
7.479632000000000000e+06,-2.074079519504244900e+02
7.480568000000000000e+06,-1.400113045759858323e+02
7.481504000000000000e+06,-1.051151828157435233e+02
7.482440000000000000e+06,-7.971341446105560635e+01
7.483372000000000000e+06,-5.015344393481264973e+01
7.484308000000000000e+06,-3.124328217174220157e+01
7.485244000000000000e+06,9.600304785214991421e-01
7.486180000000000000e+06,3.900968722105169206e+01
7.487112000000000000e+06,6.546603411021486352e+01
7.488048000000000000e+06,1.056081351569903006e+02
7.488984000000000000e+06,1.487655099287365772e+02
7.489920000000000000e+06,1.496716289919476708e+02
7.490852000000000000e+06,1.687280045085771008e+02
7.491788000000000000e+06,1.972045490682617981e+02
7.492724000000000000e+06,2.129204488909349493e+02
7.493660000000000000e+06,2.574088306152828522e+02
7.494592000000000000e+06,2.995985286534937018e+02
7.495528000000000000e+06,2.966431861795603027e+02
7.496464000000000000e+06,3.202466061964748860e+02
7.497400000000000000e+06,3.561465383798876587e+02
7.498332000000000000e+06,4.008258391169589459e+02
7.499268000000000000e+06,3.675487106642336812e+02
7.500204000000000000e+06,3.744106730217159225e+02
7.501140000000000000e+06,4.053842975654285397e+02
7.502072000000000000e+06,4.042633158760884839e+02
7.503008000000000000e+06,4.404870416669954807e+02
7.503944000000000000e+06,4.258612218465116825e+02
7.504880000000000000e+06,4.028538538153032960e+02
7.505812000000000000e+06,4.235215796329185878e+02
7.506748000000000000e+06,4.395489607868201460e+02
7.507684000000000000e+06,4.080444275762015423e+02
7.508620000000000000e+06,3.977716043436773816e+02
7.509552000000000000e+06,3.945333396468081446e+02
7.510488000000000000e+06,4.125130573869944328e+02
7.511424000000000000e+06,4.179046278363816782e+02
7.512360000000000000e+06,3.920582737308092760e+02
7.513292000000000000e+06,3.612896829141521380e+02
7.514228000000000000e+06,3.889945513955760248e+02
7.515164000000000000e+06,3.674723205207214960e+02
7.516100000000000000e+06,3.613602818835020685e+02
7.517032000000000000e+06,3.523729983348352448e+02
7.517968000000000000e+06,3.301284768524644164e+02
7.518904000000000000e+06,3.176876429355760934e+02
7.519840000000000000e+06,3.080519730956469289e+02
7.520772000000000000e+06,2.943536901509606878e+02
7.521708000000000000e+06,3.125463067377581297e+02
7.522644000000000000e+06,2.795160935815303560e+02
7.523580000000000000e+06,2.362660095960622471e+02
7.524512000000000000e+06,2.437855461781379631e+02
7.525448000000000000e+06,2.329466510177763325e+02
7.526384000000000000e+06,2.267332122417701612e+02
7.527320000000000000e+06,2.219146562972968297e+02
7.528252000000000000e+06,2.078211205697229786e+02
7.529188000000000000e+06,1.738134228313517440e+02
7.530124000000000000e+06,1.830392668100062394e+02
7.531060000000000000e+06,1.640598538505052204e+02
7.531992000000000000e+06,1.884533264359577913e+02
7.532928000000000000e+06,1.619071676280455563e+02
7.533864000000000000e+06,1.665061432644878607e+02
7.534800000000000000e+06,1.691740983248168959e+02
7.535732000000000000e+06,1.453718849441762870e+02
7.536668000000000000e+06,1.659498076414782588e+02
7.537604000000000000e+06,1.532160898181577977e+02
7.538540000000000000e+06,1.372759717308118184e+02
7.539472000000000000e+06,1.135018225636546418e+02
7.540408000000000000e+06,1.049739752564326665e+02
7.541344000000000000e+06,1.137735807978837101e+02
7.542280000000000000e+06,9.075691738427379107e+01
7.543212000000000000e+06,1.137437694084890154e+02
7.544148000000000000e+06,6.795546383914638966e+01
7.545084000000000000e+06,7.968552510032175462e+01
7.546020000000000000e+06,8.333033311573856849e+01
7.546952000000000000e+06,4.969414451290946033e+01
7.547888000000000000e+06,5.359808313427588899e+01
7.548824000000000000e+06,4.515177718204670754e+01
7.549760000000000000e+06,4.986195304601035616e+01
7.550692000000000000e+06,4.522635642213907659e+01
7.551628000000000000e+06,1.701431613739826076e+01
7.552564000000000000e+06,1.077501755758785706e-01
7.553500000000000000e+06,2.353888530334953799e+01
7.554432000000000000e+06,1.895624428822149543e+00
7.555368000000000000e+06,-2.988858297492172866e+01
7.556304000000000000e+06,-1.403910132796735688e+01
7.557240000000000000e+06,-3.442433979806328637e+01
7.558172000000000000e+06,-5.672822257277718450e+01
7.559108000000000000e+06,-4.790903883492233462e+01
7.560044000000000000e+06,-9.885724921388016062e-01
7.560980000000000000e+06,1.153821996651094972e+00
7.561912000000000000e+06,-2.250007832833260935e+01
7.562848000000000000e+06,-4.363613141546064611e+01
7.563784000000000000e+06,-2.712487080387875693e+01
7.564720000000000000e+06,-4.722763642328295219e+01
7.565652000000000000e+06,-4.774508376528810771e+01
7.566588000000000000e+06,-4.129328905704478814e+01
7.567524000000000000e+06,-3.847890198378911464e+01
7.568460000000000000e+06,-3.309328538790462915e+01
7.569392000000000000e+06,-4.573992422749167019e+01
7.570328000000000000e+06,-3.356273952462971266e+01
7.571264000000000000e+06,-2.399786020814937970e+01
7.572200000000000000e+06,-3.819701847324749622e+01
7.573132000000000000e+06,-6.042155831642394048e+01
7.574068000000000000e+06,-7.129393124363134859e+01
7.575004000000000000e+06,-2.509799306128365259e+01
7.575940000000000000e+06,-2.809979796582188527e+01
7.576872000000000000e+06,-2.709889253737853210e+01
7.577808000000000000e+06,-1.849553170616561459e+01
7.578744000000000000e+06,-4.780738851513373966e+00
7.579680000000000000e+06,-1.573712140812087057e+01
7.580612000000000000e+06,-2.367855955570974658e+01
7.581548000000000000e+06,-1.843723689714220626e+01
7.582484000000000000e+06,-5.839706756048243186e+00
7.583420000000000000e+06,-2.172023807143091290e+01
7.584352000000000000e+06,-4.147694047324585576e+00
7.585288000000000000e+06,-1.699290432827484665e+01
7.586224000000000000e+06,-4.308471711946172178e+01
7.587160000000000000e+06,-3.943818455726080430e+01
7.588092000000000000e+06,-1.554557841412396968e+01
7.589028000000000000e+06,-1.635078129798714031e+01
7.589964000000000000e+06,-4.186933639117479089e+01
7.590900000000000000e+06,-3.907102973579159055e+01
7.591832000000000000e+06,-5.435620839705075014e+01
7.592768000000000000e+06,-2.768941401257218615e+01
7.593704000000000000e+06,-4.691037946647012546e+01
7.594640000000000000e+06,-7.361437628489716190e+01
7.595572000000000000e+06,-5.195671464897624503e+01
7.596508000000000000e+06,-5.350711416549789590e+01
7.597444000000000000e+06,-4.557929924635411112e+01
7.598380000000000000e+06,-6.256382707714013947e+01
7.599312000000000000e+06,-6.804699108003278241e+01
7.600248000000000000e+06,-3.174873278667404009e+01
7.601184000000000000e+06,-5.041365094964940852e+01
7.602120000000000000e+06,-2.787632699890759724e+01
7.603052000000000000e+06,-8.035663176283842191e+00
7.603988000000000000e+06,-5.515986210863276007e+00
7.605860000000000000e+06,2.409296565208601493e+01
7.606792000000000000e+06,3.289231508863010589e+01
7.607728000000000000e+06,4.681519507432962968e+01
7.608664000000000000e+06,1.034845179016031835e+02
7.609600000000000000e+06,8.360977397405169143e+01
7.610532000000000000e+06,7.869479784080608908e+01
7.611468000000000000e+06,1.224755929388631728e+02
7.612404000000000000e+06,1.208167898089452592e+02
7.613340000000000000e+06,1.407549343257359169e+02
7.614272000000000000e+06,1.649989424177950923e+02
7.615208000000000000e+06,1.683657972734674217e+02
7.616144000000000000e+06,2.100572939223693822e+02
7.617080000000000000e+06,2.228705323712333666e+02
7.618012000000000000e+06,2.581669491934056850e+02
7.618948000000000000e+06,2.452142251731779652e+02
7.619884000000000000e+06,2.470912645988672125e+02
7.620820000000000000e+06,2.452465066560877176e+02
7.621752000000000000e+06,2.698559177597597909e+02
7.622688000000000000e+06,3.047641543235415043e+02
7.623624000000000000e+06,3.044320322016989167e+02
7.624560000000000000e+06,3.464439938476008365e+02
7.625492000000000000e+06,3.621776236270255254e+02
7.626428000000000000e+06,3.507649230671646592e+02
7.627364000000000000e+06,3.657904184427840732e+02
7.628300000000000000e+06,3.688870466663692582e+02
7.629232000000000000e+06,3.797090808472132153e+02
7.630168000000000000e+06,4.030336583117271516e+02
7.631104000000000000e+06,4.049401380018937857e+02
7.632040000000000000e+06,3.855537249152294521e+02
7.632972000000000000e+06,4.000314680294287086e+02
7.633908000000000000e+06,4.055958705070034966e+02
7.634844000000000000e+06,3.921934366115713715e+02
7.635780000000000000e+06,3.715282413813671951e+02
7.636712000000000000e+06,3.855813760448442622e+02
7.637648000000000000e+06,3.911269431424909158e+02
7.638584000000000000e+06,4.105476994178231394e+02
7.639520000000000000e+06,3.921425175409620465e+02
7.640452000000000000e+06,3.888636782982977138e+02
7.641388000000000000e+06,4.008028051616033736e+02
7.642324000000000000e+06,3.945711982745457931e+02
7.643260000000000000e+06,4.109135931702930407e+02
7.644192000000000000e+06,4.146652764884243538e+02
7.645128000000000000e+06,4.268755185725995602e+02
7.646064000000000000e+06,4.440821994263401393e+02
7.647000000000000000e+06,4.708907327195910284e+02
7.647932000000000000e+06,4.770141034774711102e+02
7.648868000000000000e+06,4.945212466108913532e+02
7.649804000000000000e+06,4.971136576994100551e+02
7.650740000000000000e+06,5.180825820503920340e+02
7.651672000000000000e+06,4.887248932287712364e+02
7.652608000000000000e+06,5.400825176239712846e+02
7.653544000000000000e+06,5.459988206993656377e+02
7.654480000000000000e+06,5.591480376995192501e+02
7.655412000000000000e+06,5.870342330188216238e+02
7.656348000000000000e+06,5.954624249950963986e+02
7.657284000000000000e+06,5.784062529887963819e+02
7.658220000000000000e+06,6.080189229829233000e+02
7.659152000000000000e+06,6.368939176912924722e+02
7.660088000000000000e+06,6.263277137838950921e+02
7.661024000000000000e+06,6.531877332041792670e+02
7.661960000000000000e+06,6.589661974264253104e+02
7.662892000000000000e+06,6.940788444495350404e+02
7.663828000000000000e+06,7.056924455424019698e+02
7.664764000000000000e+06,7.008986196137281013e+02
7.665700000000000000e+06,7.002193089474816361e+02
7.666632000000000000e+06,7.338795229633769850e+02
7.667568000000000000e+06,7.557302137856224817e+02
7.668504000000000000e+06,7.795619176940995203e+02
7.669440000000000000e+06,7.855382536480861972e+02
7.671308000000000000e+06,7.733065632530133371e+02
7.672244000000000000e+06,7.957810496223644350e+02
7.673180000000000000e+06,8.138827864264997061e+02
7.674112000000000000e+06,8.471115704153334036e+02
7.675048000000000000e+06,8.279289663200564746e+02
7.675984000000000000e+06,8.488863852857850816e+02
7.676920000000000000e+06,8.673067115104744289e+02
7.677852000000000000e+06,9.022478700866338386e+02
7.678788000000000000e+06,9.066873447826448000e+02
7.679724000000000000e+06,8.940135624644257177e+02
7.680660000000000000e+06,9.250185325415313855e+02
7.681592000000000000e+06,9.579810239987048135e+02
7.682528000000000000e+06,9.735685592790634928e+02
7.683464000000000000e+06,9.916259970974508633e+02
7.684400000000000000e+06,1.017211730265409528e+03
7.685332000000000000e+06,1.021868826009950226e+03
7.686268000000000000e+06,1.041357845187242447e+03
7.687204000000000000e+06,1.064971096582006794e+03
7.688140000000000000e+06,1.057642668152374881e+03
7.689072000000000000e+06,1.075706980534497006e+03
7.690008000000000000e+06,1.077775722339457843e+03
7.690944000000000000e+06,1.089605693596627589e+03
7.691880000000000000e+06,1.090599992950328215e+03
7.692812000000000000e+06,1.093491337563822526e+03
7.693748000000000000e+06,1.114706622533196423e+03
7.694684000000000000e+06,1.112594889462375704e+03
7.695620000000000000e+06,1.091142013056817177e+03
7.696552000000000000e+06,1.090993492065984356e+03
7.697488000000000000e+06,1.067903388923121383e+03
7.698424000000000000e+06,1.058730193164537695e+03
7.699360000000000000e+06,1.054359241072219447e+03
7.700292000000000000e+06,1.040655756303739736e+03
7.701228000000000000e+06,9.881080941553536832e+02
7.702164000000000000e+06,9.863447749163615299e+02
7.703100000000000000e+06,9.680727869644241537e+02
7.704032000000000000e+06,9.543579336477135939e+02
7.704968000000000000e+06,9.023667543766126755e+02
7.705904000000000000e+06,8.801346601421251989e+02
7.706840000000000000e+06,8.913461489796490014e+02
7.707772000000000000e+06,8.473998844180167680e+02
7.708708000000000000e+06,8.332574816883765152e+02
7.709644000000000000e+06,7.974904854570438602e+02
7.710580000000000000e+06,7.555545711713770061e+02
7.711512000000000000e+06,7.802255636555443061e+02
7.712448000000000000e+06,7.880246283923927422e+02
7.713384000000000000e+06,7.642269847028526328e+02
7.714320000000000000e+06,7.278774916025269022e+02
7.715252000000000000e+06,7.228380030035010577e+02
7.716188000000000000e+06,7.177350883311296457e+02
7.717124000000000000e+06,6.803355880998766452e+02
7.718060000000000000e+06,6.656849230667622805e+02
7.718992000000000000e+06,6.587519599043807830e+02
7.719928000000000000e+06,6.681146466968986033e+02
7.720864000000000000e+06,6.165753405020897162e+02
7.721800000000000000e+06,6.231679479989719539e+02
7.722732000000000000e+06,6.048612726684727932e+02
7.723668000000000000e+06,5.891852740209698140e+02
7.724604000000000000e+06,5.611592202243778047e+02
7.725540000000000000e+06,5.313654871269560545e+02
7.726472000000000000e+06,4.964448419822928713e+02
7.727408000000000000e+06,4.494802950197095583e+02
7.728344000000000000e+06,4.456903582061505062e+02
7.729280000000000000e+06,4.436923497781705237e+02
7.730212000000000000e+06,3.809338360902772251e+02
7.731148000000000000e+06,3.427822796857255412e+02
7.732084000000000000e+06,3.058675377329570324e+02
7.733020000000000000e+06,2.810204530324592156e+02
7.733952000000000000e+06,2.616944198577660927e+02
7.734888000000000000e+06,1.962975064804232943e+02
7.736760000000000000e+06,1.707290973032980332e+02
7.737692000000000000e+06,1.420617713562103575e+02
7.738628000000000000e+06,8.357051578345497944e+01
7.739564000000000000e+06,5.657650228448520835e+01
7.740500000000000000e+06,1.153607494198379824e+00
7.741432000000000000e+06,-1.274299951412425180e+01
7.742368000000000000e+06,-7.943172482783658950e+01
7.743304000000000000e+06,-9.504966962500682826e+01
7.744240000000000000e+06,-1.301314249222512274e+02
7.745172000000000000e+06,-1.499706947529228671e+02
7.746108000000000000e+06,-2.027313535014991999e+02
7.747044000000000000e+06,-2.146788321206585977e+02
7.747980000000000000e+06,-2.601908904029287442e+02
7.748912000000000000e+06,-2.988000438402181089e+02
7.749848000000000000e+06,-3.369272003298178220e+02
7.750784000000000000e+06,-3.469622911135558638e+02
7.751720000000000000e+06,-3.504383602341453070e+02
7.752652000000000000e+06,-4.077954231944209482e+02
7.753588000000000000e+06,-4.076117990467994900e+02
7.754524000000000000e+06,-4.281765256136840776e+02
7.755460000000000000e+06,-4.593716715862985325e+02
7.756392000000000000e+06,-4.770951428566756363e+02
7.757328000000000000e+06,-4.958668697854951688e+02
7.758264000000000000e+06,-5.191851817827046034e+02
7.759200000000000000e+06,-5.261187437775847684e+02
7.760132000000000000e+06,-5.638518320929231322e+02
7.761068000000000000e+06,-5.620083722015532430e+02
7.762004000000000000e+06,-5.576911189575234857e+02
7.762940000000000000e+06,-5.628575730733446107e+02
7.763872000000000000e+06,-5.603679121542846815e+02
7.764808000000000000e+06,-5.747078770776744250e+02
7.765744000000000000e+06,-5.589715217236861236e+02
7.766680000000000000e+06,-5.535024605041295445e+02
7.767612000000000000e+06,-5.403219366755497504e+02
7.768548000000000000e+06,-5.506801551671336483e+02
7.769484000000000000e+06,-5.199458161125890001e+02
7.770420000000000000e+06,-5.520793412272852265e+02
7.771352000000000000e+06,-5.100608242855341246e+02
7.772288000000000000e+06,-5.136140854447530728e+02
7.773224000000000000e+06,-4.888335018010231465e+02
7.774160000000000000e+06,-4.627013616271311776e+02
7.775092000000000000e+06,-4.460458665121477679e+02
7.776028000000000000e+06,-4.245333128026630902e+02
7.776964000000000000e+06,-3.854003603092567118e+02
7.777900000000000000e+06,-3.745677069879160399e+02
7.778832000000000000e+06,-3.388314232223216891e+02
7.779768000000000000e+06,-2.851541972413522785e+02
7.780704000000000000e+06,-2.861680738223637377e+02
7.781640000000000000e+06,-2.502236872929864262e+02
7.782572000000000000e+06,-2.254626582277020930e+02
7.783508000000000000e+06,-1.682752561014725643e+02
7.784444000000000000e+06,-1.039704312262978334e+02
7.785380000000000000e+06,-6.756648494049240128e+01
7.786312000000000000e+06,-5.515020455182342829e+01
7.787248000000000000e+06,-1.178241200804967725e+01
7.788184000000000000e+06,1.819996336552582505e+01
7.789120000000000000e+06,3.733656171653534273e+01
7.790052000000000000e+06,8.366093754492318624e+01
7.790988000000000000e+06,1.268705407732036718e+02
7.791924000000000000e+06,1.189766497973947281e+02
7.792860000000000000e+06,1.531105895353909432e+02
7.793792000000000000e+06,2.085271998646019540e+02
7.794728000000000000e+06,2.214068845797765448e+02
7.795664000000000000e+06,2.162726448817292635e+02
7.796600000000000000e+06,2.585905273738532628e+02
7.797532000000000000e+06,3.046872894386979738e+02
7.798468000000000000e+06,2.902951914415561987e+02
7.799404000000000000e+06,3.076764284858701899e+02
7.800340000000000000e+06,3.463328002276277289e+02
7.801272000000000000e+06,3.874428909421830554e+02
7.802208000000000000e+06,4.096577272160800476e+02
7.803144000000000000e+06,4.375476205369909621e+02
7.804080000000000000e+06,4.453928904400017359e+02
7.805012000000000000e+06,4.525277914888146142e+02
7.805948000000000000e+06,4.809528668642994944e+02
7.806884000000000000e+06,5.040208027879256747e+02
7.807820000000000000e+06,5.255625244766779360e+02
7.808752000000000000e+06,5.668958378683895489e+02
7.809688000000000000e+06,5.832971020481854794e+02
7.810624000000000000e+06,5.939363672527608742e+02
7.811560000000000000e+06,6.356057470842100656e+02
7.812492000000000000e+06,6.332437597459667131e+02
7.813428000000000000e+06,6.653632034120031449e+02
7.814364000000000000e+06,6.947266870619025667e+02
7.815300000000000000e+06,6.981128171762106831e+02
7.816232000000000000e+06,7.155834035980612953e+02
7.817168000000000000e+06,7.342952772516056257e+02
7.818104000000000000e+06,7.256362404109238469e+02
7.819040000000000000e+06,7.280109905234162397e+02
7.819972000000000000e+06,7.422715535790715649e+02
7.820908000000000000e+06,7.477146240984818633e+02
7.821844000000000000e+06,7.315487180634029301e+02
7.822780000000000000e+06,7.199069097622983691e+02
7.823712000000000000e+06,7.269623773007907630e+02
7.824648000000000000e+06,7.262784652600028039e+02
7.825584000000000000e+06,7.220433387516792436e+02
7.826520000000000000e+06,6.704444280384468584e+02
7.827452000000000000e+06,6.826014564058123142e+02
7.828388000000000000e+06,6.365282668078652932e+02
7.829324000000000000e+06,6.005169772720972787e+02
7.830260000000000000e+06,5.880103458370052749e+02
7.831192000000000000e+06,5.787850875093955665e+02
7.832128000000000000e+06,5.202380704232818971e+02
7.833064000000000000e+06,5.168024397574886279e+02
7.834000000000000000e+06,4.710655292613452048e+02
7.834932000000000000e+06,4.270331851941517129e+02
7.835868000000000000e+06,3.689926694658897759e+02
7.836804000000000000e+06,3.464934698994991891e+02
7.837740000000000000e+06,3.569351697627004683e+02
7.838672000000000000e+06,2.930546025567171000e+02
7.839608000000000000e+06,2.877709213378092841e+02
7.840544000000000000e+06,2.706065082855247397e+02
7.841480000000000000e+06,2.466683591080613951e+02
7.842412000000000000e+06,2.089365859430569685e+02
7.843348000000000000e+06,2.025328697580621338e+02
7.844284000000000000e+06,2.058459655179863148e+02
7.845220000000000000e+06,1.828420472561550980e+02
7.846152000000000000e+06,1.572666237622598828e+02
7.847088000000000000e+06,1.745320611462423415e+02
7.848024000000000000e+06,1.780914888796604600e+02
7.848960000000000000e+06,1.890683693542426909e+02
7.849892000000000000e+06,1.841243298107699218e+02
7.850828000000000000e+06,1.517730804521751793e+02
7.851764000000000000e+06,1.616580910575390817e+02
7.852700000000000000e+06,1.917656714042732347e+02
7.853632000000000000e+06,1.904376181482457753e+02
7.854568000000000000e+06,1.691586650984531843e+02
7.855504000000000000e+06,1.864613650410782668e+02
7.856440000000000000e+06,1.950163351861913270e+02
7.857372000000000000e+06,1.810369974393488803e+02
7.858308000000000000e+06,1.890355651246589161e+02
7.859244000000000000e+06,1.973307535095096057e+02
7.860180000000000000e+06,1.917172860599029036e+02
7.861112000000000000e+06,1.884184046205431287e+02
7.862048000000000000e+06,1.587654705755091982e+02
7.862984000000000000e+06,1.537976934447722215e+02
7.863920000000000000e+06,1.185085504510342957e+02
7.864852000000000000e+06,1.099534767464301694e+02
7.865788000000000000e+06,9.789677005279887112e+01
7.866724000000000000e+06,8.406646003686509516e+01
7.867660000000000000e+06,5.683986331557861149e+01
7.868592000000000000e+06,1.831592640908935365e+01
7.869528000000000000e+06,4.494215706317532089e+00
7.870468000000000000e+06,-1.896985704283252971e+01
7.871400000000000000e+06,-5.007569019656489928e+00
7.872332000000000000e+06,-2.769524348076508247e+01
7.873268000000000000e+06,-6.171756345854644366e+01
7.874204000000000000e+06,-8.772138000342427233e+01
7.875140000000000000e+06,-1.155459554509650246e+02
7.876072000000000000e+06,-1.087790365985915173e+02
7.877008000000000000e+06,-1.364331789355208855e+02
7.877944000000000000e+06,-1.704849517302428694e+02
7.878880000000000000e+06,-1.826675501901997336e+02
7.879812000000000000e+06,-2.012025470352228638e+02
7.880748000000000000e+06,-1.882099667377266030e+02
7.881684000000000000e+06,-1.819437873923408517e+02
7.882620000000000000e+06,-2.042356028511844670e+02
7.883552000000000000e+06,-2.372624430264855846e+02
7.884488000000000000e+06,-2.413742703610926981e+02
7.885424000000000000e+06,-2.419470017048230943e+02
7.886360000000000000e+06,-2.419419020095888300e+02
7.887292000000000000e+06,-2.574746747539459193e+02
7.888228000000000000e+06,-2.602983796831402969e+02
7.889164000000000000e+06,-2.729413420253358709e+02
7.890100000000000000e+06,-2.643802652281248697e+02
7.891032000000000000e+06,-2.378775902622826948e+02
7.891976000000000000e+06,-2.713506722167318230e+02
7.892904000000000000e+06,-2.564350211368603141e+02
7.893840000000000000e+06,-2.408715524466001909e+02
7.894772000000000000e+06,-2.122571927354303796e+02
7.895708000000000000e+06,-1.972698545572203557e+02
7.896644000000000000e+06,-1.730643109307193868e+02
7.897580000000000000e+06,-1.761229324976204396e+02
7.898512000000000000e+06,-1.331620896497011302e+02
7.899448000000000000e+06,-1.103086379696756580e+02
7.900384000000000000e+06,-9.159611502206648481e+01
7.901320000000000000e+06,-8.069944331312531460e+01
7.902252000000000000e+06,-4.898255292431807817e+01
7.903188000000000000e+06,-4.611382174976281334e+01
7.904124000000000000e+06,-2.311080533631423606e+01
7.905060000000000000e+06,2.949390026945010135e+01
7.905992000000000000e+06,8.000201489775234620e+01
7.906928000000000000e+06,9.100638813693693407e+01
7.907864000000000000e+06,1.489556512007082461e+02
7.908800000000000000e+06,1.801722603084214143e+02
7.909732000000000000e+06,2.169845898190939408e+02
7.910668000000000000e+06,2.273600722895376975e+02
7.911604000000000000e+06,2.855080946552398586e+02
7.912540000000000000e+06,3.170474221812629025e+02
7.913480000000000000e+06,3.680654846928648567e+02
7.914408000000000000e+06,4.178021716118627751e+02
7.915344000000000000e+06,4.533332863768769130e+02
7.916280000000000000e+06,4.924111363498082596e+02
7.917212000000000000e+06,5.558220958127313907e+02
7.918148000000000000e+06,6.065556583364865446e+02
7.919084000000000000e+06,6.233538441484071200e+02
7.920020000000000000e+06,6.644988259568260673e+02
7.920952000000000000e+06,6.702326615211130729e+02
7.921888000000000000e+06,7.165624129725966895e+02
7.922824000000000000e+06,7.264751551166187937e+02
7.923760000000000000e+06,7.629949589153809484e+02
7.924692000000000000e+06,8.086250060955909476e+02
7.925628000000000000e+06,8.340381306971696631e+02
7.926564000000000000e+06,8.522542103776996782e+02
7.927500000000000000e+06,8.838367610075615630e+02
7.928432000000000000e+06,8.560934981814435787e+02
7.929368000000000000e+06,8.815832204731863158e+02
7.930304000000000000e+06,9.123903445545286104e+02
7.931240000000000000e+06,9.304249740303177987e+02
7.932172000000000000e+06,9.507089558798189728e+02
7.933108000000000000e+06,9.428497575910261048e+02
7.934044000000000000e+06,9.601969121527163225e+02
7.934984000000000000e+06,9.741566243926120023e+02
7.935912000000000000e+06,9.744150593652680072e+02
7.936848000000000000e+06,9.684795436245575502e+02
7.937784000000000000e+06,9.669104258173628068e+02
7.938720000000000000e+06,9.975805473135055763e+02
7.939652000000000000e+06,9.866445948293526271e+02
7.940588000000000000e+06,1.026860359138503100e+03
7.941524000000000000e+06,9.986762051779030571e+02
7.942460000000000000e+06,1.001972047961816884e+03
7.943392000000000000e+06,1.013414166165788856e+03
7.944328000000000000e+06,9.828084212018944754e+02
7.945264000000000000e+06,9.861731947565699556e+02
7.946200000000000000e+06,9.832004969770406433e+02
7.947132000000000000e+06,9.747532263494255176e+02
7.948068000000000000e+06,9.567075332954201485e+02
7.949004000000000000e+06,9.392316458635884828e+02
7.949940000000000000e+06,9.218499780515664952e+02
7.950872000000000000e+06,9.024985341927134641e+02
7.951808000000000000e+06,8.915619328282441529e+02
7.952744000000000000e+06,8.940468301948063754e+02
7.953680000000000000e+06,8.687482718487939337e+02
7.954612000000000000e+06,8.454744154706709196e+02
7.955548000000000000e+06,8.308868627964425286e+02
7.956488000000000000e+06,8.181880990951050308e+02
7.957420000000000000e+06,7.719354993642759837e+02
7.958352000000000000e+06,7.305859057281826381e+02
7.959288000000000000e+06,7.419831158611976889e+02
7.960224000000000000e+06,7.250855393850494011e+02
7.961160000000000000e+06,6.561153988113192099e+02
7.962092000000000000e+06,6.253037375416691930e+02
7.963028000000000000e+06,6.127928517836954825e+02
7.963964000000000000e+06,6.216664486033836283e+02
7.964900000000000000e+06,5.975987817618404279e+02
7.965832000000000000e+06,5.627064435938119686e+02
7.966768000000000000e+06,5.364326144327224029e+02
7.967704000000000000e+06,5.277782710359131215e+02
7.968640000000000000e+06,5.099813468867978372e+02
7.969572000000000000e+06,4.672336326128578889e+02
7.970508000000000000e+06,4.314429138854610528e+02
7.971444000000000000e+06,4.416111735267881500e+02
7.972380000000000000e+06,4.167534552934758381e+02
7.973312000000000000e+06,4.251021549526821559e+02
7.974248000000000000e+06,3.954774616904059030e+02
7.975184000000000000e+06,4.004824251782394526e+02
7.976120000000000000e+06,4.187390743560043234e+02
7.977052000000000000e+06,4.122525711336686527e+02
7.977996000000000000e+06,4.075645819903401161e+02
7.978924000000000000e+06,4.345445778991621069e+02
7.979860000000000000e+06,4.561022404937961028e+02
7.980792000000000000e+06,4.760742975377411312e+02
7.981728000000000000e+06,4.360272871783758433e+02
7.982664000000000000e+06,4.541194936696595050e+02
7.983600000000000000e+06,4.789863959323888594e+02
7.984532000000000000e+06,4.796342011765501070e+02
7.985468000000000000e+06,5.256556362954063388e+02
7.986404000000000000e+06,5.536977232800687716e+02
7.987340000000000000e+06,5.244078174211101668e+02
7.988272000000000000e+06,5.618373997417340888e+02
7.989208000000000000e+06,5.374842575832147986e+02
7.990144000000000000e+06,5.757455285141909371e+02
7.991080000000000000e+06,5.756462103398067711e+02
7.992012000000000000e+06,5.381040376644954222e+02
7.992948000000000000e+06,5.577121914229007871e+02
7.993884000000000000e+06,5.907962374081054122e+02
7.994820000000000000e+06,5.937282863231004058e+02
7.995752000000000000e+06,6.075870640781622569e+02
7.996688000000000000e+06,6.080737305614029538e+02
7.997624000000000000e+06,6.023558420315190460e+02
7.998560000000000000e+06,6.349177309055506839e+02
7.999500000000000000e+06,6.022296613393727966e+02
8.000428000000000000e+06,5.558949331362891826e+02
8.001364000000000000e+06,6.274109042617593559e+02
8.002300000000000000e+06,6.597877778657550607e+02
8.003232000000000000e+06,6.647802472281578048e+02
8.004168000000000000e+06,6.509336813975003224e+02
8.005104000000000000e+06,6.283011649735241235e+02
8.006040000000000000e+06,6.598126100197965798e+02
8.006972000000000000e+06,6.377528712950773979e+02
8.007908000000000000e+06,6.614777801935340449e+02
8.008844000000000000e+06,6.482539955916705594e+02
8.009780000000000000e+06,6.491920937989299318e+02
8.010712000000000000e+06,6.715420967507288879e+02
8.011648000000000000e+06,6.875608137021630455e+02
8.012584000000000000e+06,6.975920437615200171e+02
8.013520000000000000e+06,6.730149138319630993e+02
8.014452000000000000e+06,6.659846115381225218e+02
8.015388000000000000e+06,6.618278954504802414e+02
8.016324000000000000e+06,6.713654948064259997e+02
8.017260000000000000e+06,6.747944426452174866e+02
8.018192000000000000e+06,6.965508822089240084e+02
8.019128000000000000e+06,6.828836368910090187e+02
8.020064000000000000e+06,7.027284168838048117e+02
8.021004000000000000e+06,6.883462636886406472e+02
8.021932000000000000e+06,6.812246622909298139e+02
8.022868000000000000e+06,6.889053770718068108e+02
8.023804000000000000e+06,6.855147594452923840e+02
8.024740000000000000e+06,6.804423676128352554e+02
8.025672000000000000e+06,6.749932651933252146e+02
8.026608000000000000e+06,6.893243167080215699e+02
8.027544000000000000e+06,6.730213224221116661e+02
8.028480000000000000e+06,6.718877849074842743e+02
8.029412000000000000e+06,6.871213946993749460e+02
8.030348000000000000e+06,6.964699701011574007e+02
8.031284000000000000e+06,7.271384355541786135e+02
8.032220000000000000e+06,7.138693473043665563e+02
8.033152000000000000e+06,7.132451117701672274e+02
8.034088000000000000e+06,7.322990162538616232e+02
8.035024000000000000e+06,7.364658819206204043e+02
8.035960000000000000e+06,7.608115787329408022e+02
8.036892000000000000e+06,7.861594475242685576e+02
8.037828000000000000e+06,7.962293669145470858e+02
8.038764000000000000e+06,8.441571039571939536e+02
8.039700000000000000e+06,8.470161498443353594e+02
8.040632000000000000e+06,8.704337017839026203e+02
8.041568000000000000e+06,9.066480249707043413e+02
8.042508000000000000e+06,9.759487590742830889e+02
8.043440000000000000e+06,1.000652903326708383e+03
8.044372000000000000e+06,1.046290104597517256e+03
8.045308000000000000e+06,1.061223035869040814e+03
8.046244000000000000e+06,1.063149768919445933e+03
8.047180000000000000e+06,1.074300590821349942e+03
8.048112000000000000e+06,1.116467864573736051e+03
8.049048000000000000e+06,1.165509145970384679e+03
8.049984000000000000e+06,1.195544152723470006e+03
8.050920000000000000e+06,1.195010928972680176e+03
8.051852000000000000e+06,1.218477930244657500e+03
8.052788000000000000e+06,1.292483782357215659e+03
8.053724000000000000e+06,1.295655033671633873e+03
8.054660000000000000e+06,1.320049770891082744e+03
8.055592000000000000e+06,1.341529443320502423e+03
8.056528000000000000e+06,1.323856781893319749e+03
8.057464000000000000e+06,1.328721408087242025e+03
8.058400000000000000e+06,1.333187955977749198e+03
8.059332000000000000e+06,1.349453461773289519e+03
8.060268000000000000e+06,1.344859169721330545e+03
8.061204000000000000e+06,1.317116309849750451e+03
8.062140000000000000e+06,1.314157742762998851e+03
8.063072000000000000e+06,1.323211408813476964e+03
8.064016000000000000e+06,1.320814783603128490e+03
8.064944000000000000e+06,1.282810368209041599e+03
8.065880000000000000e+06,1.255513189926379710e+03
8.066812000000000000e+06,1.252937590667650511e+03
8.067748000000000000e+06,1.267599849872311552e+03
8.068684000000000000e+06,1.195472681613803616e+03
8.069620000000000000e+06,1.178441273822623998e+03
8.070552000000000000e+06,1.163384071784011894e+03
8.071488000000000000e+06,1.151546892265131646e+03
8.072424000000000000e+06,1.127573574824659545e+03
8.073360000000000000e+06,1.103402579198871081e+03
8.074292000000000000e+06,1.056174749220799185e+03
8.075228000000000000e+06,1.079818809687256362e+03
8.076164000000000000e+06,1.039875636164253820e+03
8.077100000000000000e+06,1.045599650522646471e+03
8.078032000000000000e+06,1.016266029568302770e+03
8.078968000000000000e+06,1.004456974329653235e+03
8.079904000000000000e+06,9.681663423437297524e+02
8.080840000000000000e+06,9.457222993896257321e+02
8.081772000000000000e+06,8.909345770862602194e+02
8.082708000000000000e+06,8.879323214082568256e+02
8.083644000000000000e+06,8.729965658549018599e+02
8.084580000000000000e+06,8.306902542393522708e+02
8.085520000000000000e+06,8.142232820300985168e+02
8.086448000000000000e+06,7.676522101758691861e+02
8.087384000000000000e+06,7.538711046668502149e+02
8.088320000000000000e+06,7.015907014790439007e+02
8.089252000000000000e+06,6.804204936837966216e+02
8.090188000000000000e+06,6.745969496817785966e+02
8.091124000000000000e+06,6.283543514600049775e+02
8.092060000000000000e+06,5.761622561842601726e+02
8.092992000000000000e+06,5.491003488185232300e+02
8.093928000000000000e+06,5.014199967120072188e+02
8.094864000000000000e+06,4.729230578581475015e+02
8.095800000000000000e+06,4.285671571368107493e+02
8.096732000000000000e+06,4.083505236094180191e+02
8.097668000000000000e+06,3.949845597913954975e+02
8.098604000000000000e+06,3.431582972350498153e+02
8.099540000000000000e+06,3.009089357183244147e+02
8.100472000000000000e+06,2.142969653764846498e+02
8.101408000000000000e+06,1.949995420180479755e+02
8.102344000000000000e+06,1.580520533331645652e+02
8.103280000000000000e+06,1.230897225091769087e+02
8.104212000000000000e+06,1.208643787003698549e+02
8.105148000000000000e+06,9.928061223875153019e+01
8.106084000000000000e+06,6.230884798823126403e+01
8.107024000000000000e+06,3.593241805231465946e+01
8.107952000000000000e+06,1.744089815862454529e+01
8.108888000000000000e+06,-5.038075219057700949e+00
8.109824000000000000e+06,-2.171864644904465891e+01
8.110760000000000000e+06,-4.337381361138228186e+01
8.111692000000000000e+06,-1.212248997636087111e+01
8.112628000000000000e+06,-4.291922008987870640e+01
8.113564000000000000e+06,-3.149999518426450251e+01
8.114500000000000000e+06,-2.715562294212653072e+01
8.115432000000000000e+06,-2.580944728685890155e+01
8.116368000000000000e+06,-3.875210929624519451e+01
8.117304000000000000e+06,6.468921506097860430e+00
8.118240000000000000e+06,1.860312841930916861e+01
8.119172000000000000e+06,4.586672734173090049e+01
8.120108000000000000e+06,9.101884006370679003e+01
8.121044000000000000e+06,6.950938444190991561e+01
8.121980000000000000e+06,7.629738329764812477e+01
8.122912000000000000e+06,1.029697897477689992e+02
8.123848000000000000e+06,1.179570693971438118e+02
8.124784000000000000e+06,1.623982576371807909e+02
8.125720000000000000e+06,1.702144791864784565e+02
8.126652000000000000e+06,2.137112675431982325e+02
8.127588000000000000e+06,2.409084879320950847e+02
8.128528000000000000e+06,2.294212199462428430e+02
8.129460000000000000e+06,2.558579067022278650e+02
8.130392000000000000e+06,2.598935423810179941e+02
8.131328000000000000e+06,2.956231273631073009e+02
8.132264000000000000e+06,3.297199382016438562e+02
8.133200000000000000e+06,3.534248286617533950e+02
8.134132000000000000e+06,3.548882478833014602e+02
8.135068000000000000e+06,3.905347700946647933e+02
8.136004000000000000e+06,4.130139098422760640e+02
8.136940000000000000e+06,4.318593405492907209e+02
8.137872000000000000e+06,4.558870862843078271e+02
8.138808000000000000e+06,4.588692609941776368e+02
8.139744000000000000e+06,4.744025410650770027e+02
8.140680000000000000e+06,4.732541434168820729e+02
8.141612000000000000e+06,5.031071854593477042e+02
8.142548000000000000e+06,5.492041358596825376e+02
8.143484000000000000e+06,5.201268814361252453e+02
8.144420000000000000e+06,5.644159646879687671e+02
8.145352000000000000e+06,5.822214880190134636e+02
8.146288000000000000e+06,5.927226972125812381e+02
8.147224000000000000e+06,6.050049033723868206e+02
8.148160000000000000e+06,6.364795437895506893e+02
8.149092000000000000e+06,6.151481504763331714e+02
8.150036000000000000e+06,6.605245346577866030e+02
8.150964000000000000e+06,6.859585348926743791e+02
8.151900000000000000e+06,7.163171305170369578e+02
8.152832000000000000e+06,7.542987641744053917e+02
8.153768000000000000e+06,7.636081974116161746e+02
8.154704000000000000e+06,7.710226214011526054e+02
8.155640000000000000e+06,7.909097440659057838e+02
8.156572000000000000e+06,8.191777084631629577e+02
8.157508000000000000e+06,8.738308705008028028e+02
8.158444000000000000e+06,9.025393986807506508e+02
8.159380000000000000e+06,9.207886345996638511e+02
8.160312000000000000e+06,9.597804757021832529e+02
8.161248000000000000e+06,9.730684341616619122e+02
8.162184000000000000e+06,9.845566442263974523e+02
8.163120000000000000e+06,1.005438478722579475e+03
8.164052000000000000e+06,1.044050437903188367e+03
8.164988000000000000e+06,1.049328196932217452e+03
8.165924000000000000e+06,1.072402298654952801e+03
8.166860000000000000e+06,1.096731187207494486e+03
8.167792000000000000e+06,1.149467217320536520e+03
8.168728000000000000e+06,1.161050542988004963e+03
8.169664000000000000e+06,1.164136063687638625e+03
8.170600000000000000e+06,1.203372262525248061e+03
8.171540000000000000e+06,1.256496401576114749e+03
8.172468000000000000e+06,1.264265428057924737e+03
8.173404000000000000e+06,1.289170375505724451e+03
8.174340000000000000e+06,1.324895884589367142e+03
8.175272000000000000e+06,1.343414428670123925e+03
8.176208000000000000e+06,1.378021327073691964e+03
8.177144000000000000e+06,1.422821638981480646e+03
8.178080000000000000e+06,1.423404964921450073e+03
8.179012000000000000e+06,1.455055706463381739e+03
8.179948000000000000e+06,1.499614832743580337e+03
8.180884000000000000e+06,1.507956331921106766e+03
8.181820000000000000e+06,1.536033166359231700e+03
8.182752000000000000e+06,1.557511376563760905e+03
8.183688000000000000e+06,1.601989868692588516e+03
8.184624000000000000e+06,1.633435730737175618e+03
8.185560000000000000e+06,1.666074666203457582e+03
8.186492000000000000e+06,1.650711154430375245e+03
8.187428000000000000e+06,1.653726321716527536e+03
8.188364000000000000e+06,1.676406674282326776e+03
8.189300000000000000e+06,1.679592112828330073e+03
8.190232000000000000e+06,1.660938672698274104e+03
8.191168000000000000e+06,1.671498799142927737e+03
8.192104000000000000e+06,1.657092447637480745e+03
8.193044000000000000e+06,1.665003701694554820e+03
8.193972000000000000e+06,1.671680215850162313e+03
8.194908000000000000e+06,1.656543925607409847e+03
8.195844000000000000e+06,1.663216132427585308e+03
8.196780000000000000e+06,1.651887334735586137e+03
8.197712000000000000e+06,1.638629494223046322e+03
8.198648000000000000e+06,1.626288405876559409e+03
8.199584000000000000e+06,1.626843459048703835e+03
8.200520000000000000e+06,1.616337918516663649e+03
8.201452000000000000e+06,1.588930353255903583e+03
8.202388000000000000e+06,1.560079375959641084e+03
8.203324000000000000e+06,1.552428778250603045e+03
8.204260000000000000e+06,1.519468267752554993e+03
8.205192000000000000e+06,1.506281240264004509e+03
8.206128000000000000e+06,1.482099242158946709e+03
8.207064000000000000e+06,1.487525994601621733e+03
8.208000000000000000e+06,1.474912550422290224e+03
8.208932000000000000e+06,1.475877416729286324e+03
8.209868000000000000e+06,1.477459781930790086e+03
8.210804000000000000e+06,1.486832229309130298e+03
8.211740000000000000e+06,1.448310691246010265e+03
8.212672000000000000e+06,1.434144033451971836e+03
8.213608000000000000e+06,1.436451219167147428e+03
8.214548000000000000e+06,1.450059368768329477e+03
8.215480000000000000e+06,1.439327324489907369e+03
8.216412000000000000e+06,1.427182054542106698e+03
8.217348000000000000e+06,1.446384674194948047e+03
8.218284000000000000e+06,1.423074890248509064e+03
8.219220000000000000e+06,1.385796043449300214e+03
8.220152000000000000e+06,1.404279861530604421e+03
8.221088000000000000e+06,1.364318702058595591e+03
8.222024000000000000e+06,1.355803154173606572e+03
8.222960000000000000e+06,1.343036188372756442e+03
8.223892000000000000e+06,1.333725892726326492e+03
8.224828000000000000e+06,1.305109418912485125e+03
8.225764000000000000e+06,1.299706182990696561e+03
8.226700000000000000e+06,1.282231273364668596e+03
8.227632000000000000e+06,1.233347356033136293e+03
8.228568000000000000e+06,1.160679026449740604e+03
8.229504000000000000e+06,1.155689429148248792e+03
8.230440000000000000e+06,1.135227974929925949e+03
8.231372000000000000e+06,1.104436227795204786e+03
8.232308000000000000e+06,1.088499087854474737e+03
8.233244000000000000e+06,1.023382860303621442e+03
8.234180000000000000e+06,9.978544865173595326e+02
8.235112000000000000e+06,9.569882431962705596e+02
8.236052000000000000e+06,8.762218032682677631e+02
8.236984000000000000e+06,8.108307047088318313e+02
8.237920000000000000e+06,7.877303589625388440e+02
8.238852000000000000e+06,7.931816504176243825e+02
8.239788000000000000e+06,7.296050786278956366e+02
8.240724000000000000e+06,7.247312205449295561e+02
8.241660000000000000e+06,6.188601268653677607e+02
8.242592000000000000e+06,6.003767617562406258e+02
8.243528000000000000e+06,5.927955244864764381e+02
8.244464000000000000e+06,5.348196776005412403e+02
8.245400000000000000e+06,5.329294643660308566e+02
8.246332000000000000e+06,5.018559702879554152e+02
8.247268000000000000e+06,4.494876817875079382e+02
8.248204000000000000e+06,4.382777592669980891e+02
8.249140000000000000e+06,4.334253309021220275e+02
8.250072000000000000e+06,4.112011872933673544e+02
8.251008000000000000e+06,4.032710693428819013e+02
8.251944000000000000e+06,3.691334987452187875e+02
8.252880000000000000e+06,3.481325127896964773e+02
8.253812000000000000e+06,3.773463663523432956e+02
8.254748000000000000e+06,3.478091007083576756e+02
8.255684000000000000e+06,3.362299293665707296e+02
8.256620000000000000e+06,3.541628474919228893e+02
8.257556000000000000e+06,3.500314185587960196e+02
8.258488000000000000e+06,3.327516885341778448e+02
8.259424000000000000e+06,3.410852641459810570e+02
8.260360000000000000e+06,3.175427827418851052e+02
8.261292000000000000e+06,3.480108370674975617e+02
8.262228000000000000e+06,3.384112141735012642e+02
8.263164000000000000e+06,3.724549849291033752e+02
8.264100000000000000e+06,3.527328399630250146e+02
8.265032000000000000e+06,3.802458886028482539e+02
8.265968000000000000e+06,3.680182232975092802e+02
8.266904000000000000e+06,3.640889079033498774e+02
8.267840000000000000e+06,3.468318761138208401e+02
8.268772000000000000e+06,3.380929727378638745e+02
8.269708000000000000e+06,3.420916186312314267e+02
8.270644000000000000e+06,3.192290135583274946e+02
8.271580000000000000e+06,3.293912034375985627e+02
8.272512000000000000e+06,3.166479954595757818e+02
8.273448000000000000e+06,3.503139807052294827e+02
8.274384000000000000e+06,3.567682608022995510e+02
8.275320000000000000e+06,3.858872354245950760e+02
8.276252000000000000e+06,3.916412003295631052e+02
8.277188000000000000e+06,4.032369639698948731e+02
8.278124000000000000e+06,3.712708068000245589e+02
8.279060000000000000e+06,4.070025546691239242e+02
8.279992000000000000e+06,4.259014300941514080e+02
8.280928000000000000e+06,4.666230254734320511e+02
8.281864000000000000e+06,4.794134984020253683e+02
8.282800000000000000e+06,4.955399967307970428e+02
8.283732000000000000e+06,5.124408896587610798e+02
8.284668000000000000e+06,5.343935725565515895e+02
8.285604000000000000e+06,5.381438697858751539e+02
8.286540000000000000e+06,5.645666540779095612e+02
8.287472000000000000e+06,6.080591683510361918e+02
8.288408000000000000e+06,6.453312166055678745e+02
8.289344000000000000e+06,6.569895448677820013e+02
8.290280000000000000e+06,6.372589276894159411e+02
8.291212000000000000e+06,6.764943838713351170e+02
8.292148000000000000e+06,6.983344869560564803e+02
8.293084000000000000e+06,7.124459415293746360e+02
8.294020000000000000e+06,7.375238983249665807e+02
8.294952000000000000e+06,7.376300038054791912e+02
8.295888000000000000e+06,7.524890263521405132e+02
8.296824000000000000e+06,7.471002651837585518e+02
8.297760000000000000e+06,7.343230106476445371e+02
8.298692000000000000e+06,7.506728161793731715e+02
8.299628000000000000e+06,7.882938911197708194e+02
8.300564000000000000e+06,8.252455357128526430e+02
8.301500000000000000e+06,7.892933263280868914e+02
8.302432000000000000e+06,8.177243483501594028e+02
8.303368000000000000e+06,7.941262991458662555e+02
8.304304000000000000e+06,8.019958910495364535e+02
8.305240000000000000e+06,8.124795994937793466e+02
8.306172000000000000e+06,8.062418897293326836e+02
8.307108000000000000e+06,8.105023160885540392e+02
8.308044000000000000e+06,8.142426078566320484e+02
8.308980000000000000e+06,8.158778766168284164e+02
8.309912000000000000e+06,7.854940267806238126e+02
8.310848000000000000e+06,7.986798099718445201e+02
8.311784000000000000e+06,8.425257830868763449e+02
8.312720000000000000e+06,8.325636445241075307e+02
8.313652000000000000e+06,8.370195131802175865e+02
8.314588000000000000e+06,8.333273964167665326e+02
8.315524000000000000e+06,8.532307567778302655e+02
8.316460000000000000e+06,8.464945956407797212e+02
8.317392000000000000e+06,8.587291366752581325e+02
8.318328000000000000e+06,8.523599540426018848e+02
8.319264000000000000e+06,8.533702414684727273e+02
8.320200000000000000e+06,8.645340812560327777e+02
8.321132000000000000e+06,8.846222078255954102e+02
8.322068000000000000e+06,8.897729229874353223e+02
8.323004000000000000e+06,8.940896122293117969e+02
8.323940000000000000e+06,8.947070961327890473e+02
8.324872000000000000e+06,9.116015863767692053e+02
8.326744000000000000e+06,9.108455223366746623e+02
8.327680000000000000e+06,9.488309298326435055e+02
8.328612000000000000e+06,9.636255145199991148e+02
8.329548000000000000e+06,9.847045037436796520e+02
8.330484000000000000e+06,9.661381936903059113e+02
8.331420000000000000e+06,1.007924910425663825e+03
8.332352000000000000e+06,1.004494238263874195e+03
8.333288000000000000e+06,1.063066175328427335e+03
8.334224000000000000e+06,1.080462855515697129e+03
8.335160000000000000e+06,1.080444568127281627e+03
8.336092000000000000e+06,1.083939956398894765e+03
8.337028000000000000e+06,1.095738680436446657e+03
8.337964000000000000e+06,1.134479958744992700e+03
8.338900000000000000e+06,1.177784442070741306e+03
8.339832000000000000e+06,1.176338362367757782e+03
8.340768000000000000e+06,1.163789882792394565e+03
8.341704000000000000e+06,1.196494731465524183e+03
8.342640000000000000e+06,1.226057027754015962e+03
8.343572000000000000e+06,1.265647971752966896e+03
8.344508000000000000e+06,1.280062460630042096e+03
8.345444000000000000e+06,1.319384405856637841e+03
8.346380000000000000e+06,1.322233410989420463e+03
8.347312000000000000e+06,1.356520754076760340e+03
8.348248000000000000e+06,1.388066848350075361e+03
8.349184000000000000e+06,1.424462301223484019e+03
8.350120000000000000e+06,1.428206754965184246e+03
8.351052000000000000e+06,1.459315966039837804e+03
8.351988000000000000e+06,1.485057299749628328e+03
8.352924000000000000e+06,1.489129759724542510e+03
8.353860000000000000e+06,1.523078426927302417e+03
8.354792000000000000e+06,1.532818444671216866e+03
8.355728000000000000e+06,1.566543550792320730e+03
8.356664000000000000e+06,1.593574043873572236e+03
8.357600000000000000e+06,1.592544441614678590e+03
8.358532000000000000e+06,1.592482907396331257e+03
8.359468000000000000e+06,1.602752695017458564e+03
8.360404000000000000e+06,1.606930122947861491e+03
8.361340000000000000e+06,1.589848855050301836e+03
8.362272000000000000e+06,1.592603379424114109e+03
8.363208000000000000e+06,1.581660856875214904e+03
8.364144000000000000e+06,1.576409819796150487e+03
8.365080000000000000e+06,1.554062862452118907e+03
8.366012000000000000e+06,1.548490591228149924e+03
8.366948000000000000e+06,1.512541339809536794e+03
8.367884000000000000e+06,1.493598876878844067e+03
8.368820000000000000e+06,1.460666348947456981e+03
8.369752000000000000e+06,1.432585529596307651e+03
8.370688000000000000e+06,1.376751200512409014e+03
8.371624000000000000e+06,1.383295716580204726e+03
8.372560000000000000e+06,1.326976183296598265e+03
8.373492000000000000e+06,1.275180773903816998e+03
8.374428000000000000e+06,1.233461303541849020e+03
8.375364000000000000e+06,1.129194105227220462e+03
8.376300000000000000e+06,1.099019988180245946e+03
8.377232000000000000e+06,1.033426489883548356e+03
8.378168000000000000e+06,9.945400359048427390e+02
8.379104000000000000e+06,9.264409051524695542e+02
8.380040000000000000e+06,8.744583240600888985e+02
8.380972000000000000e+06,8.501495795091976788e+02
8.381908000000000000e+06,7.884060193733836286e+02
8.382844000000000000e+06,7.302158654486814839e+02
8.383780000000000000e+06,6.900218389393689904e+02
8.384712000000000000e+06,6.500214880170019569e+02
8.385648000000000000e+06,5.920766432008878155e+02
8.386584000000000000e+06,5.681118494005963839e+02
8.387520000000000000e+06,5.334093768305629055e+02
8.388452000000000000e+06,4.791209892997422344e+02
8.389388000000000000e+06,4.453716833732236751e+02
8.390324000000000000e+06,4.263671951537878613e+02
8.392192000000000000e+06,3.969652900084049634e+02
8.393128000000000000e+06,3.759934552267612844e+02
8.394064000000000000e+06,3.524890941594763376e+02
8.395000000000000000e+06,3.049527242013587625e+02
8.395932000000000000e+06,2.572817606297881525e+02
8.396868000000000000e+06,2.680777924401058954e+02
8.397804000000000000e+06,2.494206547234541631e+02
8.398740000000000000e+06,1.893209282656522419e+02
8.399672000000000000e+06,1.692942523375705832e+02
8.400608000000000000e+06,1.604976532442076120e+02
8.401544000000000000e+06,1.946766112561914781e+02
8.402480000000000000e+06,1.788641928424044920e+02
8.403412000000000000e+06,1.550184712096235842e+02
8.404348000000000000e+06,1.265918176679675327e+02
8.405284000000000000e+06,1.145071725176323554e+02
8.406220000000000000e+06,1.214702024358382317e+02
8.407152000000000000e+06,1.153062100138274957e+02
8.408088000000000000e+06,1.175797559738882399e+02
8.409024000000000000e+06,7.642827349704290896e+01
8.409960000000000000e+06,6.057099797976346878e+01
8.410892000000000000e+06,4.859101108053506834e+01
8.411828000000000000e+06,6.903203607096632766e+01
8.412764000000000000e+06,3.042156007469105461e+01
8.413700000000000000e+06,3.082618231874881332e+01
8.414632000000000000e+06,2.407473054885612385e+01
8.415568000000000000e+06,1.582977356791114509e+01
8.416504000000000000e+06,-8.286481993449412720e-02
8.417440000000000000e+06,3.370453500796982027e+00
8.418372000000000000e+06,6.351142110222233406e+00
8.419308000000000000e+06,-1.929547885081464997e+01
8.420244000000000000e+06,-2.598800427619657682e+01
8.421180000000000000e+06,-3.531581573670331409e+01
8.422112000000000000e+06,-5.739769959613250450e+01
8.423048000000000000e+06,-1.012225406013872089e+02
8.423984000000000000e+06,-1.195747330887758437e+02
8.424920000000000000e+06,-1.286099850760632535e+02
8.425852000000000000e+06,-1.401731277410377459e+02
8.426788000000000000e+06,-1.339256357661389245e+02
8.427724000000000000e+06,-1.620746971977445412e+02
8.428660000000000000e+06,-1.822461079357703682e+02
8.429592000000000000e+06,-1.893126856594374772e+02
8.430528000000000000e+06,-1.996677271742704534e+02
8.431464000000000000e+06,-1.988798463993340135e+02
8.432400000000000000e+06,-1.881256673912116071e+02
8.433332000000000000e+06,-1.821391242543936642e+02
8.434268000000000000e+06,-2.116467964188308883e+02
8.435204000000000000e+06,-1.661711509667519238e+02
8.436140000000000000e+06,-1.591241471036227324e+02
8.437072000000000000e+06,-1.651619695902492140e+02
8.438008000000000000e+06,-1.685148648266242333e+02
8.438944000000000000e+06,-1.373856326532927028e+02
8.439880000000000000e+06,-1.191641409571597734e+02
8.440812000000000000e+06,-1.098848384688100879e+02
8.441748000000000000e+06,-1.003535740333914106e+02
8.442684000000000000e+06,-9.242436461235250533e+01
8.443620000000000000e+06,-5.140216867917736465e+01
8.444552000000000000e+06,-2.817558205983700859e+01
8.445488000000000000e+06,-2.421413104064355437e+01
8.446424000000000000e+06,-6.441140965318164824e+00
8.447360000000000000e+06,6.777699004254184700e+00
8.448292000000000000e+06,1.720486329580785423e+01
8.449228000000000000e+06,5.991351079003946722e+01
8.450164000000000000e+06,7.994278350264936250e+01
8.451100000000000000e+06,1.026032091630438572e+02
8.452032000000000000e+06,1.149304085946069165e+02
8.452968000000000000e+06,1.610245139744465632e+02
8.453904000000000000e+06,1.798903853466217697e+02
8.454840000000000000e+06,2.027584999849086955e+02
8.455772000000000000e+06,2.137630544131852446e+02
8.457644000000000000e+06,2.224563240107887907e+02
8.458580000000000000e+06,2.566137443415640291e+02
8.459512000000000000e+06,3.151842135268204856e+02
8.460448000000000000e+06,3.301147558147736731e+02
8.461384000000000000e+06,3.539530839293773852e+02
8.462320000000000000e+06,3.476179535390612614e+02
8.463252000000000000e+06,4.006440287323508755e+02
8.464188000000000000e+06,4.225450013311966586e+02
8.465124000000000000e+06,4.604193801727221853e+02
8.466060000000000000e+06,4.753421960860626427e+02
8.466992000000000000e+06,4.808191330843004039e+02
8.467928000000000000e+06,5.291089479349975591e+02
8.468864000000000000e+06,5.269617671585654080e+02
8.469800000000000000e+06,5.394561895028255094e+02
8.470732000000000000e+06,5.899995873990341124e+02
8.471668000000000000e+06,5.600351281582177307e+02
8.472604000000000000e+06,6.232558683328462621e+02
8.473540000000000000e+06,6.023786064826335860e+02
8.474472000000000000e+06,6.333696010204289450e+02
8.475408000000000000e+06,6.186707368273505381e+02
8.476344000000000000e+06,6.384594544634311433e+02
8.477280000000000000e+06,6.579626117234479352e+02
8.478212000000000000e+06,6.292625595693492642e+02
8.479148000000000000e+06,6.392701405628525890e+02
8.480084000000000000e+06,6.549319195921284518e+02
8.481020000000000000e+06,6.456158937609440045e+02
8.481952000000000000e+06,6.305235591168900555e+02
8.482888000000000000e+06,6.026208614765085940e+02
8.483824000000000000e+06,6.202777668594173974e+02
8.484760000000000000e+06,6.196794493821795413e+02
8.485692000000000000e+06,6.053907989376670002e+02
8.486628000000000000e+06,6.117717718286291984e+02
8.487564000000000000e+06,6.092424903832651353e+02
8.488500000000000000e+06,5.641153017394160543e+02
8.489432000000000000e+06,5.666317208838331680e+02
8.490368000000000000e+06,5.448430266251675675e+02
8.491304000000000000e+06,5.220952535882616985e+02
8.492240000000000000e+06,4.938728665792680772e+02
8.493172000000000000e+06,4.795882547393321147e+02
8.494108000000000000e+06,4.678401954853794109e+02
8.495044000000000000e+06,4.446418846969334027e+02
8.495980000000000000e+06,4.294407726695362157e+02
8.496912000000000000e+06,4.049300311515112867e+02
8.497848000000000000e+06,3.875507599429924994e+02
8.498784000000000000e+06,3.513838486533351215e+02
8.499720000000000000e+06,3.227560818504077815e+02
8.500652000000000000e+06,2.807520164793426147e+02
8.501588000000000000e+06,2.663109276465402218e+02
8.502524000000000000e+06,2.595473510992691217e+02
8.503460000000000000e+06,2.504544380726973145e+02
8.504392000000000000e+06,2.139437651339720503e+02
8.505328000000000000e+06,2.018777931445059721e+02
8.506264000000000000e+06,1.939193921996977963e+02
8.507200000000000000e+06,1.644558694870620741e+02
8.508132000000000000e+06,1.367282795438993332e+02
8.509068000000000000e+06,1.017371783387919635e+02
8.510004000000000000e+06,8.592446027091268945e+01
8.510940000000000000e+06,8.460623873668623673e+01
8.511872000000000000e+06,3.819972736298520033e+01
8.512808000000000000e+06,4.818537872797603683e+01
8.513744000000000000e+06,6.598937218535736449e+00
8.514680000000000000e+06,-2.502885925332698491e+01
8.515612000000000000e+06,-5.296458461563415909e+01
8.516548000000000000e+06,-8.380406023820074779e+01
8.517484000000000000e+06,-9.983319105708550012e+01
8.518420000000000000e+06,-1.125491441553952399e+02
8.519352000000000000e+06,-1.503693114816943535e+02
8.520288000000000000e+06,-2.071378473015662962e+02
8.521224000000000000e+06,-2.200352676953489492e+02
8.522160000000000000e+06,-2.227841284647159341e+02
8.523092000000000000e+06,-2.582730742813217830e+02
8.524028000000000000e+06,-2.822002112970013172e+02
8.524964000000000000e+06,-3.037569557998970140e+02
8.525900000000000000e+06,-3.371180585104698366e+02
8.526832000000000000e+06,-4.048296264595990692e+02
8.527768000000000000e+06,-4.671712743578033837e+02
8.528704000000000000e+06,-4.904571308864578896e+02
8.529640000000000000e+06,-5.553613854269674448e+02
8.530572000000000000e+06,-6.275409787103664030e+02
8.531508000000000000e+06,-6.283319094318557063e+02
8.532444000000000000e+06,-6.670633109914746228e+02
8.533380000000000000e+06,-6.915335048523130581e+02
8.534312000000000000e+06,-7.295983975797987569e+02
8.535248000000000000e+06,-7.698778976115639807e+02
8.536184000000000000e+06,-7.845132807685980652e+02
8.537120000000000000e+06,-8.083844802743756190e+02
8.538052000000000000e+06,-8.626454065452844588e+02
8.538988000000000000e+06,-9.102002685559302790e+02
8.539924000000000000e+06,-9.270641790681314660e+02
8.540860000000000000e+06,-9.212989072651866991e+02
8.541792000000000000e+06,-9.762627342110325799e+02
8.542728000000000000e+06,-1.019967661520281126e+03
8.543664000000000000e+06,-1.065727510988195718e+03
8.544600000000000000e+06,-1.060410948008032392e+03
8.545532000000000000e+06,-1.062792103035516448e+03
8.546468000000000000e+06,-1.109870093646580244e+03
8.547404000000000000e+06,-1.118077475592222754e+03
8.548340000000000000e+06,-1.110694204519910045e+03
8.549272000000000000e+06,-1.138576933023729680e+03
8.550208000000000000e+06,-1.142578214522307690e+03
8.551144000000000000e+06,-1.155865383877062413e+03
8.552080000000000000e+06,-1.173519647697623441e+03
8.553012000000000000e+06,-1.196443749451706935e+03
8.553948000000000000e+06,-1.181250630223260487e+03
8.554884000000000000e+06,-1.167134157628348476e+03
8.555820000000000000e+06,-1.183019006008287988e+03
8.556752000000000000e+06,-1.204408708130757077e+03
8.557688000000000000e+06,-1.192817392216726148e+03
8.558624000000000000e+06,-1.187708962589383646e+03
8.559560000000000000e+06,-1.177100204604112378e+03
8.560492000000000000e+06,-1.166790036891960426e+03
8.561428000000000000e+06,-1.131399606001477196e+03
8.562364000000000000e+06,-1.133613146685190941e+03
8.563300000000000000e+06,-1.141203423416552596e+03
8.564232000000000000e+06,-1.110833218378683796e+03
8.565168000000000000e+06,-1.090683595051098109e+03
8.566104000000000000e+06,-1.054420951450020993e+03
8.567040000000000000e+06,-1.030434791405341684e+03
8.567972000000000000e+06,-1.019692070531508762e+03
8.568908000000000000e+06,-9.681224114011291704e+02
8.569844000000000000e+06,-9.031834718492315233e+02
8.570780000000000000e+06,-9.310084024886994030e+02
8.571712000000000000e+06,-8.289463078380133538e+02
8.572648000000000000e+06,-8.040122944232874715e+02
8.573584000000000000e+06,-7.818644583749260164e+02
8.574520000000000000e+06,-7.170588181043825671e+02
8.575452000000000000e+06,-6.455314828946294483e+02
8.576388000000000000e+06,-6.297384048450704768e+02
8.577324000000000000e+06,-5.872129441198694622e+02
8.578260000000000000e+06,-5.247092532026015306e+02
8.579192000000000000e+06,-4.594172866616743249e+02
8.580128000000000000e+06,-4.539833429383405132e+02
8.581064000000000000e+06,-4.459460153157862123e+02
8.582000000000000000e+06,-3.731330070280616837e+02
8.582932000000000000e+06,-3.466695419997466274e+02
8.583868000000000000e+06,-2.885971142544918848e+02
8.584804000000000000e+06,-2.501285971325644653e+02
8.585740000000000000e+06,-2.037724060703332611e+02
8.586672000000000000e+06,-1.795209319527929779e+02
8.587608000000000000e+06,-1.723618783460348425e+02
8.588544000000000000e+06,-1.562992427375855868e+02
8.589480000000000000e+06,-1.184920936244361656e+02
8.590412000000000000e+06,-6.605993705285416695e+01
8.591348000000000000e+06,-7.666877147478572851e+01
8.592284000000000000e+06,-1.025080528813294904e+02
8.593220000000000000e+06,-5.639532453232953912e+01
8.594152000000000000e+06,-5.011057802080972579e+01
8.595088000000000000e+06,-6.672223321930525231e+01
8.596024000000000000e+06,-1.025626036086771649e+02
8.596960000000000000e+06,-1.071342874881703153e+02
8.597892000000000000e+06,-1.179212350408105436e+02
8.598828000000000000e+06,-1.162952249824943038e+02
8.599764000000000000e+06,-1.501190609347711984e+02
8.600700000000000000e+06,-1.765860010963595528e+02
8.601632000000000000e+06,-1.758371546787427633e+02
8.602568000000000000e+06,-2.291358100157867739e+02
8.603504000000000000e+06,-2.429701572902122564e+02
8.604440000000000000e+06,-2.895590594346462012e+02
8.605372000000000000e+06,-3.133787475042768733e+02
8.606308000000000000e+06,-3.542540224552145673e+02
8.607244000000000000e+06,-3.745200488547097848e+02
8.608180000000000000e+06,-4.010294418885042091e+02
8.609112000000000000e+06,-4.544214699233853025e+02
8.610048000000000000e+06,-4.617189180406456899e+02
8.610984000000000000e+06,-5.384742572727653851e+02
8.611920000000000000e+06,-5.696559414724583803e+02
8.612852000000000000e+06,-5.865515709659233607e+02
8.613788000000000000e+06,-6.254225415274730722e+02
8.614724000000000000e+06,-6.635706040945277664e+02
8.615660000000000000e+06,-6.721828015684435513e+02
8.616592000000000000e+06,-7.173750310009550049e+02
8.617528000000000000e+06,-7.230246426190195734e+02
8.618464000000000000e+06,-7.746031096609968927e+02
8.619400000000000000e+06,-8.092985871409306355e+02
8.620332000000000000e+06,-8.457850295771553419e+02
8.621268000000000000e+06,-8.624061210968138766e+02
8.622204000000000000e+06,-8.668293086676085295e+02
8.623140000000000000e+06,-8.871641578888074946e+02
8.624072000000000000e+06,-9.006817996511881574e+02
8.625008000000000000e+06,-9.316158873396500439e+02
8.625944000000000000e+06,-9.492224596267883499e+02
8.626880000000000000e+06,-9.666019940181004131e+02
8.627812000000000000e+06,-9.655440411694937666e+02
8.628748000000000000e+06,-9.376917105675612447e+02
8.629684000000000000e+06,-9.611172587157180942e+02
8.630620000000000000e+06,-9.110910006076529726e+02
8.631552000000000000e+06,-9.393883964820581696e+02
8.632488000000000000e+06,-9.385469095625342106e+02
8.633424000000000000e+06,-8.984927051644335734e+02
8.634360000000000000e+06,-9.011701914701684473e+02
8.635292000000000000e+06,-8.605233918128383266e+02
8.636228000000000000e+06,-8.436105554573531435e+02
8.637164000000000000e+06,-8.256580858389157811e+02
8.638100000000000000e+06,-7.631544299213730937e+02
8.639032000000000000e+06,-7.573824360131885669e+02
8.639968000000000000e+06,-7.477266993901153000e+02
8.640904000000000000e+06,-7.310379053988797295e+02
8.641840000000000000e+06,-6.436452335871683772e+02
8.642772000000000000e+06,-6.482274397859887358e+02
8.643708000000000000e+06,-6.274244443157310798e+02
8.644644000000000000e+06,-6.157590960110942433e+02
8.645580000000000000e+06,-5.907733051878893775e+02
8.646512000000000000e+06,-5.489453383051868514e+02
8.647448000000000000e+06,-5.570591918978085459e+02
8.648384000000000000e+06,-5.504267343114617006e+02
8.649320000000000000e+06,-5.281286613194998836e+02
8.650252000000000000e+06,-5.359960862658418819e+02
8.651188000000000000e+06,-5.104107300369018958e+02
8.652124000000000000e+06,-5.184648095115172737e+02
8.653060000000000000e+06,-5.036464275888920383e+02
8.653992000000000000e+06,-5.111563720910534130e+02
8.654928000000000000e+06,-5.363725188568128033e+02
8.655864000000000000e+06,-5.228245338398484137e+02
8.656800000000000000e+06,-5.135367354474038848e+02
8.657732000000000000e+06,-5.110944032846103369e+02
8.658668000000000000e+06,-5.245180620695455218e+02
8.659604000000000000e+06,-5.074423949737518456e+02
8.660540000000000000e+06,-5.039581757447232349e+02
8.661472000000000000e+06,-5.170049083923076978e+02
8.662408000000000000e+06,-5.354277562909653625e+02
8.663344000000000000e+06,-5.515371036454739624e+02
8.664280000000000000e+06,-5.491641239780628894e+02
8.665212000000000000e+06,-5.738794987986959768e+02
8.666148000000000000e+06,-5.557027648950852381e+02
8.667084000000000000e+06,-5.571799798795166225e+02
8.668020000000000000e+06,-5.732324992062696083e+02
8.668952000000000000e+06,-5.881771273909483853e+02
8.669888000000000000e+06,-5.713199933147645879e+02
8.670824000000000000e+06,-5.521362093438386864e+02
8.671760000000000000e+06,-5.507553064299044081e+02
8.672692000000000000e+06,-5.440726692474681840e+02
8.673628000000000000e+06,-5.177429923925548110e+02
8.674564000000000000e+06,-5.008290072042664747e+02
8.675500000000000000e+06,-4.755695611285375435e+02
8.676432000000000000e+06,-4.806537857021722857e+02
8.677368000000000000e+06,-4.827689108028148439e+02
8.678304000000000000e+06,-4.841708410493440056e+02
8.679240000000000000e+06,-4.786059289469700389e+02
8.680172000000000000e+06,-4.401816044807413277e+02
8.681108000000000000e+06,-4.269929612005190052e+02
8.682044000000000000e+06,-4.079516253335406191e+02
8.682980000000000000e+06,-3.740364126981770028e+02
8.683912000000000000e+06,-3.733587559421328592e+02
8.684848000000000000e+06,-3.542591838140347136e+02
8.685784000000000000e+06,-3.445313088857526509e+02
8.686720000000000000e+06,-3.222061027583432633e+02
8.687652000000000000e+06,-3.301909240777723085e+02
8.688588000000000000e+06,-2.911663238465479253e+02
8.689524000000000000e+06,-2.595904292363179593e+02
8.690460000000000000e+06,-2.184362894188788005e+02
8.691392000000000000e+06,-2.514598738023877047e+02
8.692328000000000000e+06,-2.470819532171686603e+02
8.693264000000000000e+06,-2.521761492061901322e+02
8.694200000000000000e+06,-2.061995531000657991e+02
8.695132000000000000e+06,-1.753320331780698211e+02
8.696068000000000000e+06,-1.969242736254768147e+02
8.697004000000000000e+06,-1.751265369542262818e+02
8.697940000000000000e+06,-1.303674313217755980e+02
8.698872000000000000e+06,-1.044490752511713509e+02
8.699808000000000000e+06,-7.791327726743665494e+01
8.700744000000000000e+06,-8.657734613102090293e+01
8.701680000000000000e+06,-4.771199072154898602e+01
8.702612000000000000e+06,-4.297893265159864917e+00
8.703548000000000000e+06,3.504276932828876312e+01
8.704484000000000000e+06,6.191905964870272072e+01
8.705420000000000000e+06,9.543421023994130792e+01
8.706352000000000000e+06,1.206351334230698740e+02
8.707288000000000000e+06,1.343673925890519740e+02
8.708224000000000000e+06,1.659882932761990162e+02
8.709160000000000000e+06,2.246783229793640544e+02
8.710092000000000000e+06,2.682751054301810427e+02
8.711028000000000000e+06,3.178040042440056823e+02
8.711964000000000000e+06,3.370720089248628710e+02
8.712900000000000000e+06,3.564622088357347707e+02
8.713832000000000000e+06,3.754575291231246297e+02
8.714768000000000000e+06,4.161045862695822279e+02
8.715704000000000000e+06,4.636145224351750471e+02
8.716640000000000000e+06,4.767805718161623645e+02
8.717572000000000000e+06,5.153274553942409284e+02
8.718508000000000000e+06,5.548656713826649138e+02
8.719444000000000000e+06,6.001395532284802812e+02
8.720380000000000000e+06,6.248507876040741849e+02
8.721312000000000000e+06,6.131473220945734965e+02
8.722248000000000000e+06,6.411376084783712486e+02
8.723184000000000000e+06,6.661716833683308323e+02
8.724120000000000000e+06,6.788738834763180421e+02
8.725052000000000000e+06,6.730555834034165628e+02
8.725988000000000000e+06,6.659143723196257270e+02
8.726924000000000000e+06,6.867194758342542400e+02
8.727860000000000000e+06,6.704302044754215331e+02
8.728792000000000000e+06,6.916960697391585882e+02
8.729728000000000000e+06,7.075021295549049682e+02
8.730664000000000000e+06,7.135273444718819746e+02
8.731600000000000000e+06,6.671942351853480204e+02
8.732532000000000000e+06,6.533776737113370245e+02
8.733468000000000000e+06,6.744925902588880717e+02
8.734404000000000000e+06,6.067242352950071336e+02
8.735340000000000000e+06,5.893147703979478820e+02
8.736272000000000000e+06,5.813463699987266864e+02
8.737208000000000000e+06,5.815632597629755765e+02
8.738144000000000000e+06,5.521519065941081408e+02
8.739080000000000000e+06,5.243187233304772690e+02
8.740012000000000000e+06,5.101160627013631483e+02
8.740948000000000000e+06,5.115966203792835927e+02
8.741884000000000000e+06,4.923568757572130039e+02
8.742820000000000000e+06,4.578586975579320324e+02
8.743752000000000000e+06,4.835965604048495265e+02
8.744688000000000000e+06,4.738634360329031097e+02
8.745624000000000000e+06,4.420463176338238327e+02
8.746560000000000000e+06,4.371364829374838905e+02
8.747492000000000000e+06,4.842346333439955401e+02
8.748428000000000000e+06,4.745512257120480513e+02
8.749364000000000000e+06,4.963234346921001361e+02
8.750300000000000000e+06,4.991930066675291755e+02
8.751232000000000000e+06,5.160695190751389418e+02
8.752168000000000000e+06,5.204884519246074888e+02
8.753104000000000000e+06,5.088508141198426529e+02
8.754040000000000000e+06,5.304102379489510213e+02
8.754972000000000000e+06,5.905847198368655881e+02
8.755908000000000000e+06,5.982206332927852372e+02
8.756844000000000000e+06,6.359397726803865680e+02
8.757780000000000000e+06,6.536747099644228456e+02
8.758712000000000000e+06,7.025181866609441386e+02
8.759648000000000000e+06,7.113447611219279452e+02
8.760584000000000000e+06,7.345713622178838023e+02
8.761520000000000000e+06,7.578217296108849723e+02
8.762452000000000000e+06,8.241856336788665658e+02
8.763388000000000000e+06,8.771459587125157213e+02
8.764324000000000000e+06,8.959688827280212990e+02
8.765260000000000000e+06,9.261255216374029260e+02
8.766192000000000000e+06,9.512913948191149984e+02
8.767128000000000000e+06,9.801057518835270912e+02
8.768064000000000000e+06,1.023764217281912920e+03
8.769000000000000000e+06,1.090361396573975981e+03
8.769932000000000000e+06,1.112519272002613434e+03
8.770868000000000000e+06,1.124598889316691157e+03
8.771804000000000000e+06,1.194403528362740872e+03
8.772740000000000000e+06,1.194455118069402943e+03
8.773672000000000000e+06,1.265507204997021518e+03
8.774608000000000000e+06,1.294686285730834925e+03
8.775544000000000000e+06,1.330150080895042493e+03
8.776480000000000000e+06,1.333228586238323260e+03
8.777412000000000000e+06,1.380188395727596571e+03
8.778348000000000000e+06,1.401851713022170543e+03
8.779284000000000000e+06,1.418319952018874119e+03
8.780220000000000000e+06,1.447119029041190970e+03
8.781152000000000000e+06,1.503743448458444391e+03
8.782088000000000000e+06,1.558653917995902930e+03
8.783024000000000000e+06,1.547884255463877935e+03
8.783960000000000000e+06,1.578760108070991009e+03
8.784892000000000000e+06,1.597848552527845641e+03
8.785828000000000000e+06,1.590231936238855951e+03
8.786764000000000000e+06,1.609943271429464403e+03
8.787700000000000000e+06,1.663845307879884558e+03
8.788632000000000000e+06,1.685686885964181101e+03
8.789568000000000000e+06,1.705768363079745995e+03
8.790504000000000000e+06,1.704462014039032965e+03
8.791440000000000000e+06,1.718361990871672106e+03
8.792372000000000000e+06,1.733649342593810616e+03
8.793308000000000000e+06,1.782420438360213439e+03
8.794244000000000000e+06,1.808522381037484138e+03
8.795180000000000000e+06,1.820221748448126391e+03
8.796112000000000000e+06,1.821035830953778941e+03
8.797048000000000000e+06,1.859572932281027988e+03
8.797984000000000000e+06,1.874309449141882851e+03
8.798920000000000000e+06,1.892563517466938947e+03
8.799852000000000000e+06,1.881968593812507834e+03
8.800788000000000000e+06,1.870402383496585117e+03
8.801724000000000000e+06,1.868763412049540648e+03
8.802660000000000000e+06,1.898797767589180694e+03
8.803592000000000000e+06,1.870685639620898201e+03
8.804528000000000000e+06,1.903685779347101743e+03
8.805464000000000000e+06,1.900772005610368751e+03
8.806400000000000000e+06,1.906165929620772658e+03
8.807332000000000000e+06,1.920681405791759971e+03
8.808268000000000000e+06,1.890097708386947033e+03
8.809204000000000000e+06,1.875716664771856131e+03
8.810140000000000000e+06,1.879057718866721189e+03
8.811072000000000000e+06,1.860376066067276270e+03
8.812008000000000000e+06,1.854547536208904148e+03
8.812944000000000000e+06,1.853360511100482654e+03
8.813880000000000000e+06,1.831690661937419691e+03
8.814812000000000000e+06,1.791615275043180418e+03
8.815748000000000000e+06,1.797239267213723451e+03
8.816684000000000000e+06,1.786934784813663327e+03
8.817620000000000000e+06,1.765392305799295855e+03
8.818552000000000000e+06,1.729443869124308094e+03
8.819488000000000000e+06,1.669147178646299153e+03
8.820424000000000000e+06,1.634194557016735189e+03
8.821360000000000000e+06,1.559906932928200149e+03
8.822292000000000000e+06,1.505794344033529569e+03
8.823228000000000000e+06,1.457526384324580022e+03
8.824164000000000000e+06,1.410089780409030709e+03
8.825100000000000000e+06,1.363529891039367385e+03
8.826032000000000000e+06,1.324644329028103357e+03
8.826968000000000000e+06,1.263446253073226899e+03
8.827908000000000000e+06,1.170546155762897342e+03
8.828840000000000000e+06,1.153294400916890481e+03
8.829772000000000000e+06,1.079478041000149460e+03
8.830708000000000000e+06,1.005763671739758820e+03
8.831644000000000000e+06,9.278602293179022809e+02
8.832580000000000000e+06,8.520830281635501251e+02
8.833512000000000000e+06,8.045617906503001677e+02
8.834448000000000000e+06,7.491773431827758714e+02
8.835384000000000000e+06,7.073846047479968320e+02
8.836320000000000000e+06,6.708885533837366211e+02
8.837252000000000000e+06,6.032927130368401549e+02
8.838188000000000000e+06,5.746077115113514537e+02
8.839124000000000000e+06,4.939257384047393202e+02
8.840060000000000000e+06,4.631220582140326769e+02
8.840992000000000000e+06,3.964565213808648423e+02
8.841928000000000000e+06,3.836028904752386666e+02
8.842864000000000000e+06,3.604512438286211022e+02
8.843800000000000000e+06,3.686098977158476941e+02
8.844732000000000000e+06,3.530095748262664870e+02
8.845668000000000000e+06,3.225157618277160054e+02
8.846604000000000000e+06,3.137606840706798721e+02
8.847540000000000000e+06,3.143390274785230076e+02
8.848472000000000000e+06,2.868191317349408109e+02
8.849416000000000000e+06,3.093750266149983759e+02
8.850344000000000000e+06,2.844924523678818105e+02
8.851280000000000000e+06,3.155214593986482328e+02
8.852212000000000000e+06,3.263310142597821368e+02
8.853148000000000000e+06,2.911344788517092184e+02
8.854084000000000000e+06,3.223337330017888576e+02
8.855020000000000000e+06,3.359099810943649800e+02
8.855952000000000000e+06,3.593477276650704084e+02
8.856888000000000000e+06,3.668867519499591481e+02
8.857824000000000000e+06,3.693831522261286295e+02
8.858760000000000000e+06,4.062884710178023511e+02
8.859692000000000000e+06,4.334729114277147914e+02
8.860628000000000000e+06,4.605527013242840439e+02
8.861564000000000000e+06,4.313224454286776108e+02
8.862500000000000000e+06,4.425560347836148480e+02
8.863432000000000000e+06,4.828268395452526534e+02
8.864368000000000000e+06,5.404489177336145076e+02
8.865304000000000000e+06,5.701704295101702655e+02
8.866240000000000000e+06,5.910506615917543058e+02
8.867172000000000000e+06,6.333172202328370304e+02
8.868108000000000000e+06,6.308560650971027144e+02
8.869044000000000000e+06,6.916556234595102524e+02
8.869980000000000000e+06,7.239480401911695253e+02
8.870920000000000000e+06,7.834540040381048129e+02
8.871848000000000000e+06,7.720727813760024674e+02
8.872784000000000000e+06,8.467411312476398280e+02
8.873720000000000000e+06,9.034181226719714459e+02
8.874652000000000000e+06,9.796636777286897768e+02
8.875588000000000000e+06,1.017241723780353709e+03
8.876524000000000000e+06,1.030714687818537868e+03
8.877460000000000000e+06,1.120610426512439062e+03
8.878392000000000000e+06,1.158151060376496844e+03
8.879328000000000000e+06,1.161108181389802667e+03
8.880264000000000000e+06,1.214121526058890140e+03
8.881200000000000000e+06,1.292642565652403619e+03
8.882132000000000000e+06,1.327481896881664170e+03
8.883068000000000000e+06,1.356641131145591999e+03
8.884004000000000000e+06,1.332887225110356667e+03
8.884940000000000000e+06,1.370157236233226968e+03
8.885872000000000000e+06,1.422216791116586592e+03
8.886808000000000000e+06,1.456050596349787156e+03
8.887744000000000000e+06,1.492161008208696103e+03
8.888680000000000000e+06,1.510631750640090559e+03
8.889612000000000000e+06,1.519718873629059999e+03
8.890548000000000000e+06,1.518882913141333120e+03
8.891484000000000000e+06,1.532414410581819311e+03
8.892424000000000000e+06,1.568590089808609036e+03
8.893352000000000000e+06,1.565988623179440765e+03
8.894288000000000000e+06,1.557329402518480720e+03
8.895224000000000000e+06,1.537014741523180646e+03
8.896160000000000000e+06,1.554140944767664905e+03
8.897092000000000000e+06,1.554753231145064319e+03
8.898028000000000000e+06,1.560285436898097714e+03
8.898964000000000000e+06,1.543108470678339700e+03
8.899900000000000000e+06,1.528849277487746349e+03
8.900832000000000000e+06,1.494014981018133767e+03
8.901768000000000000e+06,1.509662720518681226e+03
8.902704000000000000e+06,1.508692003300506030e+03
8.903640000000000000e+06,1.478171540738765998e+03
8.904572000000000000e+06,1.448756675484346488e+03
8.905508000000000000e+06,1.451358421659370606e+03
8.906444000000000000e+06,1.480044717206742916e+03
8.907380000000000000e+06,1.459365452397016043e+03
8.908312000000000000e+06,1.454889130520686876e+03
8.909248000000000000e+06,1.454390251400023544e+03
8.910184000000000000e+06,1.434468901386762809e+03
8.911120000000000000e+06,1.422742022517458736e+03
8.912052000000000000e+06,1.444937861670241318e+03
8.912988000000000000e+06,1.432751845143964601e+03
8.913928000000000000e+06,1.373403897325046046e+03
8.914860000000000000e+06,1.434823068145396064e+03
8.915792000000000000e+06,1.446567302286962104e+03
8.916728000000000000e+06,1.451557450094567002e+03
8.917664000000000000e+06,1.438074515409167361e+03
8.918600000000000000e+06,1.455572363233618489e+03
8.919532000000000000e+06,1.459934417767285140e+03
8.920468000000000000e+06,1.483107583206662639e+03
8.921404000000000000e+06,1.462399684232271511e+03
8.922340000000000000e+06,1.468077861590680641e+03
8.923272000000000000e+06,1.453291045540505365e+03
8.924208000000000000e+06,1.504785590510478642e+03
8.925144000000000000e+06,1.559239420208849424e+03
8.926080000000000000e+06,1.426073472035202940e+03
8.927012000000000000e+06,1.378933473595367786e+03
8.927948000000000000e+06,1.378633658692064955e+03
8.928884000000000000e+06,1.379328670876673641e+03
8.929820000000000000e+06,1.340251619266957050e+03
8.930752000000000000e+06,1.345999026490528422e+03
8.931688000000000000e+06,1.336632610959392878e+03
8.932624000000000000e+06,1.342740799427740285e+03
8.933560000000000000e+06,1.302035966880215938e+03
8.934492000000000000e+06,1.273142887981138074e+03
8.935436000000000000e+06,1.246632175816224162e+03
8.936364000000000000e+06,1.255742844278207940e+03
8.937300000000000000e+06,1.234869805403886858e+03
8.938232000000000000e+06,1.198240584557575858e+03
8.939168000000000000e+06,1.156062165708677412e+03
8.940104000000000000e+06,1.096723284376914080e+03
8.941040000000000000e+06,1.088265084458745605e+03
8.941972000000000000e+06,1.033023799612873518e+03
8.942908000000000000e+06,9.670742835158752086e+02
8.943844000000000000e+06,9.188220345444317445e+02
8.944780000000000000e+06,8.654255419912327625e+02
8.945712000000000000e+06,8.125636156365203533e+02
8.946648000000000000e+06,7.588229254373920867e+02
8.947584000000000000e+06,7.053288419937058507e+02
8.948520000000000000e+06,6.462604252682713195e+02
8.949452000000000000e+06,5.739881759173371165e+02
8.950388000000000000e+06,4.931838113711937126e+02
8.951324000000000000e+06,3.749721253695230985e+02
8.952260000000000000e+06,3.207037363607922771e+02
8.953192000000000000e+06,2.584175416503300085e+02
8.954128000000000000e+06,2.003217340526303474e+02
8.955064000000000000e+06,1.219778748417105447e+02
8.956000000000000000e+06,6.600791690423913849e+01
8.956940000000000000e+06,8.000892376418203611e+00
8.957868000000000000e+06,-6.138406875639543614e+01
8.958804000000000000e+06,-1.667582958889508689e+02
8.959740000000000000e+06,-2.237395951972685282e+02
8.960672000000000000e+06,-3.069283205680638389e+02
8.961608000000000000e+06,-4.244705714884603935e+02
8.962544000000000000e+06,-4.973865353302196581e+02
8.963480000000000000e+06,-4.999501500234235891e+02
8.964412000000000000e+06,-5.218368897001911364e+02
8.965348000000000000e+06,-5.696300113163805463e+02
8.966284000000000000e+06,-6.089477703815425684e+02
8.967220000000000000e+06,-6.616537364806132473e+02
8.968152000000000000e+06,-7.054741863986783983e+02
8.969088000000000000e+06,-7.460834350349323358e+02
8.970024000000000000e+06,-7.779560191273014880e+02
8.970960000000000000e+06,-7.694897481179193619e+02
8.971892000000000000e+06,-7.965545893334433458e+02
8.972828000000000000e+06,-7.918730769115734347e+02
8.973764000000000000e+06,-8.111455098621504476e+02
8.974700000000000000e+06,-8.248607309103487069e+02
8.975632000000000000e+06,-8.084201524069637799e+02
8.976568000000000000e+06,-7.624195572960984464e+02
8.977504000000000000e+06,-7.475073390816882011e+02
8.978444000000000000e+06,-7.526452155904559049e+02
8.979372000000000000e+06,-7.132673275518992568e+02
8.980308000000000000e+06,-6.829975377440222246e+02
8.982180000000000000e+06,-6.552737006978088630e+02
8.983112000000000000e+06,-6.329833712173269760e+02
8.984048000000000000e+06,-5.678275351311651775e+02
8.984984000000000000e+06,-5.149639799411418153e+02
8.985920000000000000e+06,-4.834914409917623175e+02
8.986852000000000000e+06,-4.349748156499705942e+02
8.987788000000000000e+06,-3.962818794205595623e+02
8.988724000000000000e+06,-3.748764982719152385e+02
8.989660000000000000e+06,-3.431353379501131826e+02
8.990592000000000000e+06,-3.236566484731754372e+02
8.991528000000000000e+06,-2.717475916177345425e+02
8.992464000000000000e+06,-2.028097297074359915e+02
8.993400000000000000e+06,-1.800753760362950402e+02
8.994332000000000000e+06,-1.385747754758207293e+02
8.995268000000000000e+06,-6.323318311877005726e+01
8.996204000000000000e+06,-1.790161515100046685e+01
8.997140000000000000e+06,3.412488107406789339e+01
8.998072000000000000e+06,8.127374652503874586e+01
8.999008000000000000e+06,1.095153398533157514e+02
8.999948000000000000e+06,1.796859716824668283e+02
9.000880000000000000e+06,2.445945501349730193e+02
9.001812000000000000e+06,2.320321201840360175e+02
9.002748000000000000e+06,3.095943517315031954e+02
9.003684000000000000e+06,3.360286262981298933e+02
9.004620000000000000e+06,3.726600641593063870e+02
9.005552000000000000e+06,4.211525401191462947e+02
9.006488000000000000e+06,4.646917822257857438e+02
9.007424000000000000e+06,5.277242853033404799e+02
9.008360000000000000e+06,5.869779850835757316e+02
9.009292000000000000e+06,5.964313027030087824e+02
9.010228000000000000e+06,6.084541726749919235e+02
9.011164000000000000e+06,6.136379597090274274e+02
9.012100000000000000e+06,6.464354398081701447e+02
9.013032000000000000e+06,6.486005562989217879e+02
9.013968000000000000e+06,7.074537263309624677e+02
9.014904000000000000e+06,7.163308009783178250e+02
9.015840000000000000e+06,7.197682645440630722e+02
9.016772000000000000e+06,7.191203697290990249e+02
9.017708000000000000e+06,7.292214155866121246e+02
9.018644000000000000e+06,7.229120001895147425e+02
9.019580000000000000e+06,7.167913889047998737e+02
9.020512000000000000e+06,6.669736449135162957e+02
9.021456000000000000e+06,7.144710674381249191e+02
9.022384000000000000e+06,6.905655209874154252e+02
9.023320000000000000e+06,6.907882843982584973e+02
9.024252000000000000e+06,6.721514772559361290e+02
9.025188000000000000e+06,6.520748627069750682e+02
9.026124000000000000e+06,6.279102950854145320e+02
9.027060000000000000e+06,6.217407396459936990e+02
9.027992000000000000e+06,5.915483966455941527e+02
9.028928000000000000e+06,5.703668245899049225e+02
9.029864000000000000e+06,5.661526095717966882e+02
9.030800000000000000e+06,5.120391690617567519e+02
9.031732000000000000e+06,4.890081114358898731e+02
9.032668000000000000e+06,4.786929487771619733e+02
9.033604000000000000e+06,4.486983252047324982e+02
9.034540000000000000e+06,4.351153749156646882e+02
9.035472000000000000e+06,4.283602517967264021e+02
9.036408000000000000e+06,3.863887560340247660e+02
9.037344000000000000e+06,3.564960841967783267e+02
9.038280000000000000e+06,3.450785275604969797e+02
9.039212000000000000e+06,3.586729311002771396e+02
9.040148000000000000e+06,3.742094038778774348e+02
9.041084000000000000e+06,3.450042351808888270e+02
9.042020000000000000e+06,3.296020697774830523e+02
9.042960000000000000e+06,3.168842638439289203e+02
9.043888000000000000e+06,3.237750414367839085e+02
9.044824000000000000e+06,3.252359125813068204e+02
9.045760000000000000e+06,3.221587715167914894e+02
9.047628000000000000e+06,3.532221036749562586e+02
9.048564000000000000e+06,3.267190063405377600e+02
9.049500000000000000e+06,3.380288563285321288e+02
9.050432000000000000e+06,3.616339249343176903e+02
9.051368000000000000e+06,3.396059180724532780e+02
9.052304000000000000e+06,3.360057746385427890e+02
9.053240000000000000e+06,3.295909303302181002e+02
9.054172000000000000e+06,3.348681138224441725e+02
9.055108000000000000e+06,3.633722208363857362e+02
9.056044000000000000e+06,3.565725585425275312e+02
9.056980000000000000e+06,3.677713576417522177e+02
9.057912000000000000e+06,3.935878198597296205e+02
9.058848000000000000e+06,3.711953051132142605e+02
9.059784000000000000e+06,3.723772967441690298e+02
9.060720000000000000e+06,3.807679336218000117e+02
9.061652000000000000e+06,3.817299195770914935e+02
9.062588000000000000e+06,3.573179677857685306e+02
9.063524000000000000e+06,3.584363801454977079e+02
9.064464000000000000e+06,3.779107881317294755e+02
9.065392000000000000e+06,3.502824537203950399e+02
9.066328000000000000e+06,3.218096629936675868e+02
9.067264000000000000e+06,3.190189162844279736e+02
9.068200000000000000e+06,2.947616316043302618e+02
9.069132000000000000e+06,2.817077684919704552e+02
9.070068000000000000e+06,2.548215162975654096e+02
9.071004000000000000e+06,2.397012669533497728e+02
9.071940000000000000e+06,2.033209209903113788e+02
9.072872000000000000e+06,1.750197851816979551e+02
9.073808000000000000e+06,1.133483033421640300e+02
9.074744000000000000e+06,5.624442689108639115e+01
9.075680000000000000e+06,2.689092781995759296e+01
9.076612000000000000e+06,-2.178764670520961388e+01
9.077548000000000000e+06,-8.943219902851944880e+01
9.078484000000000000e+06,-1.155792023728597542e+02
9.079420000000000000e+06,-1.570517664210230748e+02
9.080352000000000000e+06,-2.040058779044125288e+02
9.081288000000000000e+06,-2.578677925400620552e+02
9.082224000000000000e+06,-2.997446789466483779e+02
9.083160000000000000e+06,-3.557963501388002783e+02
9.084092000000000000e+06,-4.184739703947055318e+02
9.085028000000000000e+06,-4.632860341738325474e+02
9.085968000000000000e+06,-5.155047432963933716e+02
9.086900000000000000e+06,-5.684887591493212540e+02
9.087832000000000000e+06,-6.089394933213617378e+02
9.088768000000000000e+06,-6.661645441780772217e+02
9.089704000000000000e+06,-7.276552864711378561e+02
9.090640000000000000e+06,-7.873150510481916626e+02
9.091572000000000000e+06,-7.998573780780727702e+02
9.092508000000000000e+06,-8.642239148461727609e+02
9.093444000000000000e+06,-8.501674437949981211e+02
9.094380000000000000e+06,-8.930363254059427618e+02
9.095312000000000000e+06,-9.581982520523180256e+02
9.096248000000000000e+06,-9.625872615660153997e+02
9.097184000000000000e+06,-9.995646335173942134e+02
9.098120000000000000e+06,-1.008313820957091025e+03
9.099052000000000000e+06,-1.019363785596301682e+03
9.099988000000000000e+06,-1.009941122171038046e+03
9.100924000000000000e+06,-1.028668554326963431e+03
9.101860000000000000e+06,-1.031291902915457513e+03
9.102792000000000000e+06,-1.022087611023568570e+03
9.103728000000000000e+06,-9.670049968550911217e+02
9.104664000000000000e+06,-9.386708279019424026e+02
9.105600000000000000e+06,-9.425331693537088995e+02
9.106532000000000000e+06,-9.150653403372948560e+02
9.107476000000000000e+06,-8.764545095151528358e+02
9.108404000000000000e+06,-8.598434343998092118e+02
9.109340000000000000e+06,-8.130101459520647040e+02
9.110272000000000000e+06,-7.474793459534198519e+02
9.111208000000000000e+06,-7.014381637074063747e+02
9.113080000000000000e+06,-6.621124543861969869e+02
9.114012000000000000e+06,-6.300890275115236818e+02
9.114948000000000000e+06,-5.830819023851900056e+02
9.115884000000000000e+06,-5.374979480201875504e+02
9.116820000000000000e+06,-4.891090066098716420e+02
9.117752000000000000e+06,-4.378491318526189957e+02
9.118688000000000000e+06,-3.701671614233234209e+02
9.119624000000000000e+06,-3.342743565584228804e+02
9.120560000000000000e+06,-2.868441676034323677e+02
9.121492000000000000e+06,-2.166740794080906767e+02
9.122428000000000000e+06,-1.679938910475737543e+02
9.123364000000000000e+06,-1.369366155686403204e+02
9.124300000000000000e+06,-9.875046856539562157e+01
9.125232000000000000e+06,-4.909679474073671201e+01
9.126168000000000000e+06,-2.390695995911405447e+01
9.127104000000000000e+06,2.361915213588254758e+01
9.128040000000000000e+06,6.506686110720382032e+01
9.128980000000000000e+06,6.232148147268665639e+01
9.129908000000000000e+06,8.451130385966841629e+01
9.130844000000000000e+06,1.453647741923545311e+02
9.131780000000000000e+06,1.573002560836115435e+02
9.132712000000000000e+06,1.737638333728771443e+02
9.133648000000000000e+06,1.688286504417678202e+02
9.134584000000000000e+06,1.662828468104598016e+02
9.135520000000000000e+06,1.629522485646394898e+02
9.136452000000000000e+06,1.642704627919062830e+02
9.137388000000000000e+06,1.377282002085471504e+02
9.138324000000000000e+06,1.443983244855662065e+02
9.139260000000000000e+06,1.273600426047645300e+02
9.140192000000000000e+06,1.077459036237891752e+02
9.141128000000000000e+06,1.075464768785314646e+02
9.142064000000000000e+06,9.743620172395414158e+01
9.143000000000000000e+06,8.623771199046490210e+01
9.143932000000000000e+06,4.108686072390865007e+01
9.144868000000000000e+06,2.931363876420556380e+01
9.145804000000000000e+06,-4.089841843316317949e+00
9.146740000000000000e+06,-1.200407159489688791e+00
9.147672000000000000e+06,-1.842165476728894191e+01
9.148608000000000000e+06,-5.002469729079929550e+01
9.149544000000000000e+06,-5.737793303440403747e+01
9.150484000000000000e+06,-6.676551822259855840e+01
9.151412000000000000e+06,-8.830890356809051411e+01
9.152348000000000000e+06,-9.916549391199262686e+01
9.153284000000000000e+06,-1.032662509006105580e+02
9.154220000000000000e+06,-1.356587330905494468e+02
9.155152000000000000e+06,-1.508824821537606340e+02
9.156088000000000000e+06,-1.503254088080859674e+02
9.157024000000000000e+06,-1.663067497951030305e+02
9.157960000000000000e+06,-1.844108654175058746e+02
9.158892000000000000e+06,-1.946172191251166907e+02
9.159828000000000000e+06,-1.947236791993998679e+02
9.160764000000000000e+06,-2.295331206904010628e+02
9.161700000000000000e+06,-2.333276793727652034e+02
9.162632000000000000e+06,-2.075884637741995675e+02
9.163568000000000000e+06,-1.989004211032260514e+02
9.164504000000000000e+06,-1.934934584225739798e+02
9.165440000000000000e+06,-2.107058820498648117e+02
9.166372000000000000e+06,-2.186810108637190808e+02
9.167308000000000000e+06,-1.919689850777960203e+02
9.168244000000000000e+06,-1.683342739545553286e+02
9.169180000000000000e+06,-1.841626561604565211e+02
9.170112000000000000e+06,-1.680181933085469268e+02
9.171048000000000000e+06,-1.671251776922983652e+02
9.171988000000000000e+06,-1.443818200945888179e+02
9.172920000000000000e+06,-1.186224300069123530e+02
9.173852000000000000e+06,-1.470915992766342697e+02
9.174788000000000000e+06,-1.707712987440397399e+02
9.175724000000000000e+06,-1.455782814533329770e+02
9.176660000000000000e+06,-1.626930349697003066e+02
9.177592000000000000e+06,-1.482162150000399379e+02
9.178528000000000000e+06,-1.487328437516629549e+02
9.179464000000000000e+06,-1.411744162873941946e+02
9.180400000000000000e+06,-1.525479115126316003e+02
9.181332000000000000e+06,-1.424373319318639233e+02
9.182268000000000000e+06,-1.486905781542638181e+02
9.183204000000000000e+06,-1.227045177879323177e+02
9.184140000000000000e+06,-1.181968711115570869e+02
9.185072000000000000e+06,-1.439713813030525671e+02
9.186008000000000000e+06,-1.155055785883403985e+02
9.186944000000000000e+06,-1.561068210777008005e+02
9.187880000000000000e+06,-1.428954558892532987e+02
9.188812000000000000e+06,-1.643864739058169562e+02
9.189748000000000000e+06,-1.664530925704546007e+02
9.190684000000000000e+06,-1.813576805564938184e+02
9.191620000000000000e+06,-1.726138055833158091e+02
9.192552000000000000e+06,-1.636765906912962691e+02
9.193492000000000000e+06,-1.846732727331044543e+02
9.194424000000000000e+06,-1.853148138203079043e+02
9.195360000000000000e+06,-2.099777011714171522e+02
9.196292000000000000e+06,-2.038638962091631583e+02
9.197228000000000000e+06,-2.074711457561514578e+02
9.198164000000000000e+06,-2.274838836532852042e+02
9.199100000000000000e+06,-2.106045982860827621e+02
9.200032000000000000e+06,-2.010517210282583278e+02
9.200968000000000000e+06,-1.883611356402645640e+02
9.201904000000000000e+06,-2.238423311440853638e+02
9.202840000000000000e+06,-2.145797325021269728e+02
9.203772000000000000e+06,-2.174943077081216245e+02
9.204708000000000000e+06,-2.043865050287144811e+02
9.205644000000000000e+06,-2.085813892490982937e+02
9.206580000000000000e+06,-2.028669932465355714e+02
9.207512000000000000e+06,-2.100121348567863322e+02
9.208448000000000000e+06,-1.994162298620367153e+02
9.209384000000000000e+06,-1.975167531609478431e+02
9.210320000000000000e+06,-1.839223163020157585e+02
9.211252000000000000e+06,-1.829368834081371631e+02
9.212188000000000000e+06,-1.678159812960267061e+02
9.213124000000000000e+06,-1.895237894789439679e+02
9.214060000000000000e+06,-1.728478830014852008e+02
9.214996000000000000e+06,-1.840152736064711405e+02
9.215928000000000000e+06,-1.878987848972103052e+02
9.216864000000000000e+06,-1.741767365101950702e+02
9.217800000000000000e+06,-1.828106599590015549e+02
9.218732000000000000e+06,-1.800062754182160347e+02
9.219668000000000000e+06,-2.085192860883345531e+02
9.220604000000000000e+06,-2.092286526787171681e+02
9.221540000000000000e+06,-2.082235279530669629e+02
9.222472000000000000e+06,-1.922763544995187317e+02
9.223408000000000000e+06,-2.042340971581862732e+02
9.224344000000000000e+06,-1.795373477715249635e+02
9.225280000000000000e+06,-1.902121266697344595e+02
9.226212000000000000e+06,-1.855034038923346031e+02
9.227148000000000000e+06,-1.662935816848055310e+02
9.228084000000000000e+06,-1.545401810498694886e+02
9.229020000000000000e+06,-1.639198228252422496e+02
9.229952000000000000e+06,-1.575395847885006901e+02
9.230888000000000000e+06,-1.054822988869042462e+02
9.231824000000000000e+06,-1.334260501481608969e+02
9.232760000000000000e+06,-1.234895147093449026e+02
9.233692000000000000e+06,-6.042283456815498255e+01
9.234628000000000000e+06,-3.366317724367458908e+01
9.235564000000000000e+06,-3.812094823152956735e+01
9.236500000000000000e+06,-1.753995165350809682e+00
9.237432000000000000e+06,2.537691894926528136e+00
9.238368000000000000e+06,3.482319439855884724e+01
9.239304000000000000e+06,7.407991445287603938e+01
9.240240000000000000e+06,1.238205704625896431e+02
9.241172000000000000e+06,1.660754220758634006e+02
9.242108000000000000e+06,1.940799792937850725e+02
9.243044000000000000e+06,2.483802177602789811e+02
9.243980000000000000e+06,2.970314550054697520e+02
9.244912000000000000e+06,3.428045815778880296e+02
9.245848000000000000e+06,3.840157462566864410e+02
9.246784000000000000e+06,4.171942502143052138e+02
9.247720000000000000e+06,4.607887218279851140e+02
9.248652000000000000e+06,5.482933540427873140e+02
9.249588000000000000e+06,6.091612514578955597e+02
9.250524000000000000e+06,6.562290396052354708e+02
9.251460000000000000e+06,7.192955207501017867e+02
9.252392000000000000e+06,7.643186528034283356e+02
9.253328000000000000e+06,8.040347926757364121e+02
9.254264000000000000e+06,8.540161057515306311e+02
9.255200000000000000e+06,9.348123456799427231e+02
9.256132000000000000e+06,1.006289099465873392e+03
9.257068000000000000e+06,1.032423553422202986e+03
9.258004000000000000e+06,1.092106534521913090e+03
9.258940000000000000e+06,1.136155588427721796e+03
9.259872000000000000e+06,1.172745145853756640e+03
9.260808000000000000e+06,1.195505992627973228e+03
9.261744000000000000e+06,1.265558520023973415e+03
9.262680000000000000e+06,1.293636613369136512e+03
9.263612000000000000e+06,1.301502573965973625e+03
9.264548000000000000e+06,1.335426767869308833e+03
9.265484000000000000e+06,1.360716139407990795e+03
9.266420000000000000e+06,1.374447570051611137e+03
9.267352000000000000e+06,1.391982183899905976e+03
9.268288000000000000e+06,1.419160386253900924e+03
9.269224000000000000e+06,1.427362549445426112e+03
9.270160000000000000e+06,1.456646883994027348e+03
9.271092000000000000e+06,1.454030304578701816e+03
9.272028000000000000e+06,1.471216790023469230e+03
9.272964000000000000e+06,1.471239874354205995e+03
9.273900000000000000e+06,1.489412385540244486e+03
9.274832000000000000e+06,1.509419388940981435e+03
9.275768000000000000e+06,1.499564157835887272e+03
9.276704000000000000e+06,1.510619108989572169e+03
9.277640000000000000e+06,1.505978103989614056e+03
9.278572000000000000e+06,1.486912492850525496e+03
9.279508000000000000e+06,1.516681098155700965e+03
9.280444000000000000e+06,1.519547775430096635e+03
9.281380000000000000e+06,1.509202534349241205e+03
9.282312000000000000e+06,1.548623334549348783e+03
9.283248000000000000e+06,1.543852073716168661e+03
9.284184000000000000e+06,1.546536501712762856e+03
9.285120000000000000e+06,1.531000479996799186e+03
9.286052000000000000e+06,1.562629749224145598e+03
9.286988000000000000e+06,1.601136817292528121e+03
9.287924000000000000e+06,1.588696128824748939e+03
9.288860000000000000e+06,1.620081471214358771e+03
9.289792000000000000e+06,1.659770080021595049e+03
9.290728000000000000e+06,1.689847603062793723e+03
9.291664000000000000e+06,1.692725447922459125e+03
9.292600000000000000e+06,1.736156967358785323e+03
9.293532000000000000e+06,1.717631525841856273e+03
9.294468000000000000e+06,1.775773035263031034e+03
9.295404000000000000e+06,1.805475404241604792e+03
9.296340000000000000e+06,1.843032114305143523e+03
9.297272000000000000e+06,1.873322388615426689e+03
9.298208000000000000e+06,1.885382855572538119e+03
9.299144000000000000e+06,1.909268943194019585e+03
9.300080000000000000e+06,1.924870355151657122e+03
9.301012000000000000e+06,1.986205935994655874e+03
9.301948000000000000e+06,1.990586490376322445e+03
9.302884000000000000e+06,2.011327566136016003e+03
9.303820000000000000e+06,2.022578466458290450e+03
9.304752000000000000e+06,2.027380845190335322e+03
9.305688000000000000e+06,2.058238765458241687e+03
9.306624000000000000e+06,2.089594065469642828e+03
9.307560000000000000e+06,2.066717718142521335e+03
9.308492000000000000e+06,2.064888956115020846e+03
9.309428000000000000e+06,2.088566780108960302e+03
9.310364000000000000e+06,2.089046622834258415e+03
9.311300000000000000e+06,2.110970056907006438e+03
9.312232000000000000e+06,2.108055425006250971e+03
9.313168000000000000e+06,2.085103190306419947e+03
9.314104000000000000e+06,2.107100418341163277e+03
9.315040000000000000e+06,2.081595921424950575e+03
9.315972000000000000e+06,2.084304176461022507e+03
9.316908000000000000e+06,2.054104011019398513e+03
9.317844000000000000e+06,2.043354536717000883e+03
9.318780000000000000e+06,2.032663121520239201e+03
9.319712000000000000e+06,2.039043763955833583e+03
9.320648000000000000e+06,2.007887949462251527e+03
9.321584000000000000e+06,2.001073902557908468e+03
9.322520000000000000e+06,1.989016366926189676e+03
9.323452000000000000e+06,1.947013590487329793e+03
9.324388000000000000e+06,1.934401411344136477e+03
9.325324000000000000e+06,1.917727625390734147e+03
9.326260000000000000e+06,1.912998394130112501e+03
9.327192000000000000e+06,1.897931511711809890e+03
9.328128000000000000e+06,1.898063155196893149e+03
9.329064000000000000e+06,1.868266328787167822e+03
9.330000000000000000e+06,1.838716456245920199e+03
9.330932000000000000e+06,1.841274685482233053e+03
9.331868000000000000e+06,1.849617284969020830e+03
9.332804000000000000e+06,1.838048784838112169e+03
9.333740000000000000e+06,1.816540128221400664e+03
9.334672000000000000e+06,1.779331858094447398e+03
9.335608000000000000e+06,1.771230382473307600e+03
9.336544000000000000e+06,1.784116707827806522e+03
9.337480000000000000e+06,1.801415505250643264e+03
9.338412000000000000e+06,1.755478651456287707e+03
9.339348000000000000e+06,1.754704642870193311e+03
9.340284000000000000e+06,1.730543831691959213e+03
9.341220000000000000e+06,1.733144781842846214e+03
9.342152000000000000e+06,1.760968699020456143e+03
9.343088000000000000e+06,1.733222841383324067e+03
9.344024000000000000e+06,1.720654303684221304e+03
9.344960000000000000e+06,1.701386031985169893e+03
9.345892000000000000e+06,1.679337187718061159e+03
9.346828000000000000e+06,1.677801895517928870e+03
9.347764000000000000e+06,1.672853815901691632e+03
9.348700000000000000e+06,1.631972377958115430e+03
9.349632000000000000e+06,1.610337174211207639e+03
9.350568000000000000e+06,1.594369417709636991e+03
9.351504000000000000e+06,1.588392695202907589e+03
9.352440000000000000e+06,1.592807727328712872e+03
9.353372000000000000e+06,1.587117239155890275e+03
9.354308000000000000e+06,1.555083663596557017e+03
9.355244000000000000e+06,1.566287912115256859e+03
9.356180000000000000e+06,1.544710043203190935e+03
9.357112000000000000e+06,1.523872321882635106e+03
9.358048000000000000e+06,1.518462174661334757e+03
9.358984000000000000e+06,1.513689440052906548e+03
9.359920000000000000e+06,1.521058224742699167e+03
9.360852000000000000e+06,1.507564923190176387e+03
9.361788000000000000e+06,1.518424309436900785e+03
9.362724000000000000e+06,1.493297209213473479e+03
9.363660000000000000e+06,1.488417723315256808e+03
9.364592000000000000e+06,1.491855584402103432e+03
9.365528000000000000e+06,1.481202059204028046e+03
9.366464000000000000e+06,1.473704715531033116e+03
9.367400000000000000e+06,1.472232048760752605e+03
9.368332000000000000e+06,1.474218145609482917e+03
9.369268000000000000e+06,1.467215394948437051e+03
9.370204000000000000e+06,1.458680366879392750e+03
9.371140000000000000e+06,1.506408061584668758e+03
9.372072000000000000e+06,1.468870792259955124e+03
9.373008000000000000e+06,1.474398759046273881e+03
9.373944000000000000e+06,1.487771440864672968e+03
9.374880000000000000e+06,1.477199958218831625e+03
9.375812000000000000e+06,1.507695859466339925e+03
9.376748000000000000e+06,1.497212603287933007e+03
9.377684000000000000e+06,1.482688082850274895e+03
9.378620000000000000e+06,1.486295139943583763e+03
9.379552000000000000e+06,1.475612063447065339e+03
9.380488000000000000e+06,1.479366984294111035e+03
9.381424000000000000e+06,1.461818462452856920e+03
9.382360000000000000e+06,1.448187981292461700e+03
9.383292000000000000e+06,1.444777763793768599e+03
9.384228000000000000e+06,1.474075026833617358e+03
9.385164000000000000e+06,1.450101722625413686e+03
9.386100000000000000e+06,1.423477172265742183e+03
9.387032000000000000e+06,1.450568407001996093e+03
9.387968000000000000e+06,1.464305440381917151e+03
9.388904000000000000e+06,1.408540367267972442e+03
9.389840000000000000e+06,1.425672583176758963e+03
9.390772000000000000e+06,1.423994296897141339e+03
9.391708000000000000e+06,1.438034023862983076e+03
9.392644000000000000e+06,1.432119266647347786e+03
9.393580000000000000e+06,1.399466974907303438e+03
9.394512000000000000e+06,1.375069761051629484e+03
9.395448000000000000e+06,1.370701246523853570e+03
9.396384000000000000e+06,1.375396066626053880e+03
9.397320000000000000e+06,1.341465569974006485e+03
9.398252000000000000e+06,1.324569030232283012e+03
9.399188000000000000e+06,1.307485493723637319e+03
9.400124000000000000e+06,1.307849663238336007e+03
9.401060000000000000e+06,1.256477284236343621e+03
9.401992000000000000e+06,1.288617068479580212e+03
9.402928000000000000e+06,1.274820664148189053e+03
9.403864000000000000e+06,1.266717447030031508e+03
9.404800000000000000e+06,1.272266781652667532e+03
9.405732000000000000e+06,1.253874091113009854e+03
9.406668000000000000e+06,1.245524857950479600e+03
9.407604000000000000e+06,1.245262824149133621e+03
9.408540000000000000e+06,1.231329014945070412e+03
9.409472000000000000e+06,1.218676898258197298e+03
9.410408000000000000e+06,1.220543280966680641e+03
9.411344000000000000e+06,1.258613540904439105e+03
9.412280000000000000e+06,1.273056099735257931e+03
9.413212000000000000e+06,1.248785659869716255e+03
9.414148000000000000e+06,1.269320276394714483e+03
9.415084000000000000e+06,1.296245394767730204e+03
9.416020000000000000e+06,1.306897481019628231e+03
9.416952000000000000e+06,1.338628345631330603e+03
9.417888000000000000e+06,1.347942522367518905e+03
9.418824000000000000e+06,1.374166218975779884e+03
9.419760000000000000e+06,1.409732913220437922e+03
9.420692000000000000e+06,1.423893876642220221e+03
9.421628000000000000e+06,1.435516579639489919e+03
9.422564000000000000e+06,1.488197619231242243e+03
9.423500000000000000e+06,1.506093255945095507e+03
9.424432000000000000e+06,1.530690065977139284e+03
9.425368000000000000e+06,1.549173222647951206e+03
9.426304000000000000e+06,1.572346651993160322e+03
9.427240000000000000e+06,1.598964737704026902e+03
9.428172000000000000e+06,1.644817881599442899e+03
9.429108000000000000e+06,1.642353956127671154e+03
9.430044000000000000e+06,1.663735220443055596e+03
9.430980000000000000e+06,1.691804137648563938e+03
9.431912000000000000e+06,1.729743676951667339e+03
9.432848000000000000e+06,1.769023905158855996e+03
9.433784000000000000e+06,1.785717403747755498e+03
9.434720000000000000e+06,1.815087305299790842e+03
9.435652000000000000e+06,1.813594557222354524e+03
9.436588000000000000e+06,1.826386970740077913e+03
9.437524000000000000e+06,1.850801923942009125e+03
9.438460000000000000e+06,1.856391525340147382e+03
9.439392000000000000e+06,1.880747363921770784e+03
9.440328000000000000e+06,1.867146552074018700e+03
9.441264000000000000e+06,1.843692984489774517e+03
9.442200000000000000e+06,1.831542906951078749e+03
9.443132000000000000e+06,1.847826026726778309e+03
9.444068000000000000e+06,1.877072142591331840e+03
9.445004000000000000e+06,1.844124588431719985e+03
9.445940000000000000e+06,1.851795260034261901e+03
9.446872000000000000e+06,1.816427201923208486e+03
9.447808000000000000e+06,1.774847657503466280e+03
9.448744000000000000e+06,1.754657294640316650e+03
9.449680000000000000e+06,1.725828047130422419e+03
9.450612000000000000e+06,1.695365785511704644e+03
9.451548000000000000e+06,1.677773050034695643e+03
9.452484000000000000e+06,1.667127010538093828e+03
9.453420000000000000e+06,1.639800667569694042e+03
9.454352000000000000e+06,1.576163256796266978e+03
9.455288000000000000e+06,1.564925160091160933e+03
9.456224000000000000e+06,1.529378579278156622e+03
9.457160000000000000e+06,1.500792459861703264e+03
9.458092000000000000e+06,1.458648345721540409e+03
9.459028000000000000e+06,1.400488759230526284e+03
9.459964000000000000e+06,1.371681233383055314e+03
9.460900000000000000e+06,1.321680120940889992e+03
9.461832000000000000e+06,1.323026528137136893e+03
9.462768000000000000e+06,1.319339215877415199e+03
9.463704000000000000e+06,1.255805343696130421e+03
9.464640000000000000e+06,1.239937134821328527e+03
9.465572000000000000e+06,1.219278647712704696e+03
9.466508000000000000e+06,1.173547824372245486e+03
9.467444000000000000e+06,1.145849578867563650e+03
9.468380000000000000e+06,1.122137511849266957e+03
9.469312000000000000e+06,1.083181897970799128e+03
9.470248000000000000e+06,1.045460827621629733e+03
9.471184000000000000e+06,1.007368806316377118e+03
9.472120000000000000e+06,9.949192922850210152e+02
9.473052000000000000e+06,9.602202991457742201e+02
9.473988000000000000e+06,9.725563643162279277e+02
9.474924000000000000e+06,9.536970978001542107e+02
9.475860000000000000e+06,9.309379167226093159e+02
9.476792000000000000e+06,9.059724108045219282e+02
9.477728000000000000e+06,8.995948333299173783e+02
9.478664000000000000e+06,8.481058062717854682e+02
9.479600000000000000e+06,8.350964779938775564e+02
9.480532000000000000e+06,8.324493606517781927e+02
9.481468000000000000e+06,8.076004006034388567e+02
9.482404000000000000e+06,8.191118244524471947e+02
9.483340000000000000e+06,8.139548272250063974e+02
9.484272000000000000e+06,7.872092404700759971e+02
9.485208000000000000e+06,7.881545866968451719e+02
9.486144000000000000e+06,7.772078224196703786e+02
9.487080000000000000e+06,7.488491164337723376e+02
9.488012000000000000e+06,7.402294791549788897e+02
9.488948000000000000e+06,7.500775594116056482e+02
9.489884000000000000e+06,7.168167073181740534e+02
9.490820000000000000e+06,7.325466001985308822e+02
9.491752000000000000e+06,7.378751162133089565e+02
9.492688000000000000e+06,7.303854225616485110e+02
9.493624000000000000e+06,7.239158320609986959e+02
9.494560000000000000e+06,7.450169620771964674e+02
9.495492000000000000e+06,7.517824239017010086e+02
9.496428000000000000e+06,7.435993919603929498e+02
9.497364000000000000e+06,7.470959274484207526e+02
9.498300000000000000e+06,7.393361308112868073e+02
9.499232000000000000e+06,7.646575822650643204e+02
9.500168000000000000e+06,7.871861493818303188e+02
9.501104000000000000e+06,7.998180060810781242e+02
9.502040000000000000e+06,7.845390602069655870e+02
9.502972000000000000e+06,8.202772355992038911e+02
9.503908000000000000e+06,8.131602546691710813e+02
9.504844000000000000e+06,8.270614791299510671e+02
9.505780000000000000e+06,8.403612113048206993e+02
9.506712000000000000e+06,8.414916878033734520e+02
9.507648000000000000e+06,8.673991732966458130e+02
9.508584000000000000e+06,8.595379749452404212e+02
9.509520000000000000e+06,8.672761050355908310e+02
9.510452000000000000e+06,8.999794020303386333e+02
9.511388000000000000e+06,8.825066530295144958e+02
9.512324000000000000e+06,9.222213047004819373e+02
9.513260000000000000e+06,8.887551035562584048e+02
9.514192000000000000e+06,8.633245647578206672e+02
9.515128000000000000e+06,8.894122990622838643e+02
9.516064000000000000e+06,8.966336451584179486e+02
9.517000000000000000e+06,9.035634649349651681e+02
9.517932000000000000e+06,8.999545120376276373e+02
9.518868000000000000e+06,8.831082424037666669e+02
9.519804000000000000e+06,8.537787461859987843e+02
9.520740000000000000e+06,8.668669938910143173e+02
9.521672000000000000e+06,8.662559463993932241e+02
9.522608000000000000e+06,8.885852482793110312e+02
9.523544000000000000e+06,9.149667203193602063e+02
9.524480000000000000e+06,8.976260454526116064e+02
9.525412000000000000e+06,8.801485776513128485e+02
9.526348000000000000e+06,8.915164421496513114e+02
9.527284000000000000e+06,8.982634746725478863e+02
9.528220000000000000e+06,8.944869670589343968e+02
9.529152000000000000e+06,8.768334374520555912e+02
9.530088000000000000e+06,9.297292196648558047e+02
9.531024000000000000e+06,9.592335767666043012e+02
9.531960000000000000e+06,9.723831472070559130e+02
9.532892000000000000e+06,9.560546782461663042e+02
9.533828000000000000e+06,9.546245242658686720e+02
9.534764000000000000e+06,9.504778352376539488e+02
9.535700000000000000e+06,9.826706760023164406e+02
9.536632000000000000e+06,9.719980604691774033e+02
9.537568000000000000e+06,9.832157385324300094e+02
9.538504000000000000e+06,1.014493385866344283e+03
9.539440000000000000e+06,1.042806926496102278e+03
9.540372000000000000e+06,1.062287526070125296e+03
9.541308000000000000e+06,1.054902079760442120e+03
9.542244000000000000e+06,1.071986673546055954e+03
9.543180000000000000e+06,1.102439700173124947e+03
9.544112000000000000e+06,1.109981214986320992e+03
9.545048000000000000e+06,1.142337373278967789e+03
9.545984000000000000e+06,1.147243728531481111e+03
9.546920000000000000e+06,1.183428313366640850e+03
9.547852000000000000e+06,1.176082121194102228e+03
9.548788000000000000e+06,1.209502955164489549e+03
9.549724000000000000e+06,1.250548301084617606e+03
9.550660000000000000e+06,1.262384559400413536e+03
9.551592000000000000e+06,1.272003060709795818e+03
9.552528000000000000e+06,1.307161399388871359e+03
9.553464000000000000e+06,1.330486288881618520e+03
9.554400000000000000e+06,1.384918862128288765e+03
9.555332000000000000e+06,1.393589856398921711e+03
9.556268000000000000e+06,1.406962269776393896e+03
9.557204000000000000e+06,1.435206593162658464e+03
9.558140000000000000e+06,1.448608906413664045e+03
9.559072000000000000e+06,1.492072108190135395e+03
9.560008000000000000e+06,1.499306447332789958e+03
9.560944000000000000e+06,1.528364932652280459e+03
9.561880000000000000e+06,1.570729335393669999e+03
9.562812000000000000e+06,1.609644234021144939e+03
9.563748000000000000e+06,1.645530003078667960e+03
9.564684000000000000e+06,1.661897313487700103e+03
9.565620000000000000e+06,1.717090309967354642e+03
9.566552000000000000e+06,1.753176539584727834e+03
9.567488000000000000e+06,1.817817450436103400e+03
9.568424000000000000e+06,1.830551642932976847e+03
9.569360000000000000e+06,1.864890550408470062e+03
9.570292000000000000e+06,1.911406126215332733e+03
9.571228000000000000e+06,1.926615944452054464e+03
9.572164000000000000e+06,1.928610203724512985e+03
9.573100000000000000e+06,1.978694554463245822e+03
9.574032000000000000e+06,2.021922180802748471e+03
9.574968000000000000e+06,2.052790777865661767e+03
9.575904000000000000e+06,2.066289570647189066e+03
9.576840000000000000e+06,2.073403757299216522e+03
9.577772000000000000e+06,2.106334275228062779e+03
9.578708000000000000e+06,2.147673434843420637e+03
9.579644000000000000e+06,2.162114621916996384e+03
9.580580000000000000e+06,2.184327297388077568e+03
9.581512000000000000e+06,2.222545865955421050e+03
9.582448000000000000e+06,2.223773996111058295e+03
9.583384000000000000e+06,2.257814358184026787e+03
9.584320000000000000e+06,2.271639007235726240e+03
9.585252000000000000e+06,2.279215983540075740e+03
9.586188000000000000e+06,2.305897725650901975e+03
9.587124000000000000e+06,2.339993073740811269e+03
9.588060000000000000e+06,2.348674036265227642e+03
9.588992000000000000e+06,2.381217331417940841e+03
9.589928000000000000e+06,2.412018194186757682e+03
9.590864000000000000e+06,2.424307058722268721e+03
9.591800000000000000e+06,2.464682302899306251e+03
9.592732000000000000e+06,2.497114144435328399e+03
9.593668000000000000e+06,2.553379939294227370e+03
9.594604000000000000e+06,2.583694363715431791e+03
9.595540000000000000e+06,2.619167713719906715e+03
9.596472000000000000e+06,2.665503683715585339e+03
9.597408000000000000e+06,2.687573917419020745e+03
9.598344000000000000e+06,2.724974585236288021e+03
9.599280000000000000e+06,2.774544407540811790e+03
9.600212000000000000e+06,2.813992915859994355e+03
9.601148000000000000e+06,2.876144164320276104e+03
9.602084000000000000e+06,2.899245431030306008e+03
9.603020000000000000e+06,2.954677191976491486e+03
9.603952000000000000e+06,2.990441080185095416e+03
9.604888000000000000e+06,3.030354457526760143e+03
9.605824000000000000e+06,3.065712278981287454e+03
9.606760000000000000e+06,3.119249757108099857e+03
9.607692000000000000e+06,3.175018615075085108e+03
9.608628000000000000e+06,3.214434922300448761e+03
9.609564000000000000e+06,3.255191763073381026e+03
9.610500000000000000e+06,3.317629666761092722e+03
9.611432000000000000e+06,3.364808104191362418e+03
9.612368000000000000e+06,3.429694805415090286e+03
9.613304000000000000e+06,3.480188131888935459e+03
9.614240000000000000e+06,3.522792714811408132e+03
9.615172000000000000e+06,3.569983865450008580e+03
9.616108000000000000e+06,3.642217558953411753e+03
9.617044000000000000e+06,3.667783074420436151e+03
9.617980000000000000e+06,3.717359759976442092e+03
9.618912000000000000e+06,3.752181689766071031e+03
9.619848000000000000e+06,3.784601874703618250e+03
9.620784000000000000e+06,3.811097956034387153e+03
9.621720000000000000e+06,3.860880379918809922e+03
9.622652000000000000e+06,3.889214169301450511e+03
9.623588000000000000e+06,3.919063054908549475e+03
9.624524000000000000e+06,3.956599620421223335e+03
9.625460000000000000e+06,3.998020352306727546e+03
9.626392000000000000e+06,4.017092493602347531e+03
9.627328000000000000e+06,4.038443725116810583e+03
9.628264000000000000e+06,4.084189117639633423e+03
9.629200000000000000e+06,4.112601887759313286e+03
9.630132000000000000e+06,4.120517385088542142e+03
9.631068000000000000e+06,4.089479235949730992e+03
9.632004000000000000e+06,4.110194023766089231e+03
9.632940000000000000e+06,4.138207929558412616e+03
9.633872000000000000e+06,4.134901875038452999e+03
9.634808000000000000e+06,4.154970399899325457e+03
9.635744000000000000e+06,4.159618207208027343e+03
9.636680000000000000e+06,4.156684229566637441e+03
9.637612000000000000e+06,4.171626606243984497e+03
9.638548000000000000e+06,4.159097818776601343e+03
9.639484000000000000e+06,4.136380357901376556e+03
9.640420000000000000e+06,4.154938331177057080e+03
9.641352000000000000e+06,4.122801594253242001e+03
9.642288000000000000e+06,4.113660101827942526e+03
9.643224000000000000e+06,4.110138541141601308e+03
9.644160000000000000e+06,4.063356010277559108e+03
9.645092000000000000e+06,4.046190222891823396e+03
9.646028000000000000e+06,4.051538004486273167e+03
9.646964000000000000e+06,4.013138495810866061e+03
9.647900000000000000e+06,3.986759855521852842e+03
9.648832000000000000e+06,3.992949053077651115e+03
9.649768000000000000e+06,3.969451861289447152e+03
9.650704000000000000e+06,3.917991580263172636e+03
9.651640000000000000e+06,3.930772862043722398e+03
9.652572000000000000e+06,3.894085866236849142e+03
9.653508000000000000e+06,3.879097913848160715e+03
9.654444000000000000e+06,3.847348439073630288e+03
9.655380000000000000e+06,3.817646312674994078e+03
9.656312000000000000e+06,3.798723469781115909e+03
9.657248000000000000e+06,3.775129018868311960e+03
9.658184000000000000e+06,3.788708008076430815e+03
9.659120000000000000e+06,3.736395443775554213e+03
9.660052000000000000e+06,3.759180256137363358e+03
9.660988000000000000e+06,3.725382106330876923e+03
9.661924000000000000e+06,3.753414908984947033e+03
9.662860000000000000e+06,3.713072279240411262e+03
9.663792000000000000e+06,3.715403528950317195e+03
9.664728000000000000e+06,3.692644461346161734e+03
9.665664000000000000e+06,3.703971663651982908e+03
9.666600000000000000e+06,3.697802024647340204e+03
9.667532000000000000e+06,3.721196444656623953e+03
9.668468000000000000e+06,3.716670230983124839e+03
9.669404000000000000e+06,3.679939337715273268e+03
9.670340000000000000e+06,3.667154406232882593e+03
9.671272000000000000e+06,3.654548400428323475e+03
9.672208000000000000e+06,3.700407125818841450e+03
9.673144000000000000e+06,3.737825095794859408e+03
9.674080000000000000e+06,3.723497484634546254e+03
9.675012000000000000e+06,3.718756433952934003e+03
9.675948000000000000e+06,3.743248986050072290e+03
9.676884000000000000e+06,3.742439639522342532e+03
9.677820000000000000e+06,3.762997092407044875e+03
9.678752000000000000e+06,3.795996759389483486e+03
9.679688000000000000e+06,3.812064364673867658e+03
9.680624000000000000e+06,3.830563611380250677e+03
9.681560000000000000e+06,3.861557055063903135e+03
9.682492000000000000e+06,3.883000043488450956e+03
9.683428000000000000e+06,3.904111020231930070e+03
9.684364000000000000e+06,3.930928981485567419e+03
9.685300000000000000e+06,3.988607942091739915e+03
9.686232000000000000e+06,3.987802691969384341e+03
9.687168000000000000e+06,4.002221329180062185e+03
9.688104000000000000e+06,4.035019797674696747e+03
9.689040000000000000e+06,4.048393612177042996e+03
9.689972000000000000e+06,4.088630080548642582e+03
9.690908000000000000e+06,4.142708248301343701e+03
9.691844000000000000e+06,4.151922146048039394e+03
9.692780000000000000e+06,4.174150185982550283e+03
9.693712000000000000e+06,4.220982462459907765e+03
9.694648000000000000e+06,4.237841984085148397e+03
9.695584000000000000e+06,4.218594797463092618e+03
9.696520000000000000e+06,4.261534530839490799e+03
9.697452000000000000e+06,4.297691231048582267e+03
9.698388000000000000e+06,4.342815062371736531e+03
9.699324000000000000e+06,4.360805947230594029e+03
9.700260000000000000e+06,4.402990384025520143e+03
9.701192000000000000e+06,4.384243315074787461e+03
9.703064000000000000e+06,4.441037706701016759e+03
9.704000000000000000e+06,4.453449473104804383e+03
9.704932000000000000e+06,4.446751563823508150e+03
9.705868000000000000e+06,4.457975529097950130e+03
9.706804000000000000e+06,4.486878772062536882e+03
9.707740000000000000e+06,4.507139644738747847e+03
9.708672000000000000e+06,4.526815370177118893e+03
9.709608000000000000e+06,4.543024249138272353e+03
9.710544000000000000e+06,4.555915538453395129e+03
9.711480000000000000e+06,4.591131296144916632e+03
9.712412000000000000e+06,4.599597789003342768e+03
9.713348000000000000e+06,4.621305457591704908e+03
9.714284000000000000e+06,4.626623729423243276e+03
9.715220000000000000e+06,4.626581862257889043e+03
9.716152000000000000e+06,4.642493283396387596e+03
9.717088000000000000e+06,4.669165737337670180e+03
9.718024000000000000e+06,4.687377849992897609e+03
9.718960000000000000e+06,4.684986392525000156e+03
9.719892000000000000e+06,4.701515409909905429e+03
9.720828000000000000e+06,4.706605828436004231e+03
9.721764000000000000e+06,4.740154504078947866e+03
9.722700000000000000e+06,4.716551702308101994e+03
9.723632000000000000e+06,4.757417650849370148e+03
9.724568000000000000e+06,4.757155084633366641e+03
9.725504000000000000e+06,4.781837621080480858e+03
9.726440000000000000e+06,4.808761559736946765e+03
9.727372000000000000e+06,4.833797098796469072e+03
9.728308000000000000e+06,4.831208353176240962e+03
9.729244000000000000e+06,4.860117262148332884e+03
9.730180000000000000e+06,4.893637741702935273e+03
9.731112000000000000e+06,4.914893784421459713e+03
9.732048000000000000e+06,4.937004211034563014e+03
9.732984000000000000e+06,4.943166296769742075e+03
9.733920000000000000e+06,4.969671096321621008e+03
9.734852000000000000e+06,4.992207654629617537e+03
9.735788000000000000e+06,4.993843849558669717e+03
9.736724000000000000e+06,5.011557673107534356e+03
9.737660000000000000e+06,5.034146119627899679e+03
9.738592000000000000e+06,5.050322016798134428e+03
9.739528000000000000e+06,5.090800666644106968e+03
9.740464000000000000e+06,5.099117145040852847e+03
9.741400000000000000e+06,5.126208871460710725e+03
9.742332000000000000e+06,5.184299772218591897e+03
9.743268000000000000e+06,5.193499508318656808e+03
9.744204000000000000e+06,5.206930764373963939e+03
9.745140000000000000e+06,5.237699894463989949e+03
9.746072000000000000e+06,5.233135449228755533e+03
9.747008000000000000e+06,5.264682599805477366e+03
9.747944000000000000e+06,5.273229817452055613e+03
9.748880000000000000e+06,5.323557986203609289e+03
9.749812000000000000e+06,5.347307088600038696e+03
9.750748000000000000e+06,5.361383099658320134e+03
9.751684000000000000e+06,5.382227680173853514e+03
9.752620000000000000e+06,5.418616073857650917e+03
9.753552000000000000e+06,5.427873947275973478e+03
9.754488000000000000e+06,5.453499973269143084e+03
9.755424000000000000e+06,5.475704217078270631e+03
9.756360000000000000e+06,5.491076657300276565e+03
9.757292000000000000e+06,5.499201092889480606e+03
9.758228000000000000e+06,5.529609288810863291e+03
9.759164000000000000e+06,5.528721959587778656e+03
9.760100000000000000e+06,5.542911179068779347e+03
9.761032000000000000e+06,5.557367250104159211e+03
9.761968000000000000e+06,5.575033600828970521e+03
9.762904000000000000e+06,5.536810807830502199e+03
9.763840000000000000e+06,5.549977210077024210e+03
9.764772000000000000e+06,5.549123036689582477e+03
9.765708000000000000e+06,5.563879439161722075e+03
9.766644000000000000e+06,5.560381463206261287e+03
9.768512000000000000e+06,5.542177241424747990e+03
9.769448000000000000e+06,5.533178922629803310e+03
9.770384000000000000e+06,5.492002064964070996e+03
9.771320000000000000e+06,5.507355044992188596e+03
9.772252000000000000e+06,5.454228085489456134e+03
9.773188000000000000e+06,5.468243449601860448e+03
9.774124000000000000e+06,5.446151083791531164e+03
9.775060000000000000e+06,5.451382232590998683e+03
9.775992000000000000e+06,5.397161285852685069e+03
9.776928000000000000e+06,5.355337629079785074e+03
9.777864000000000000e+06,5.323658879358251397e+03
9.778800000000000000e+06,5.297368454117331567e+03
9.779732000000000000e+06,5.302200233776041387e+03
9.780668000000000000e+06,5.264073676366863765e+03
9.781604000000000000e+06,5.214354215558553733e+03
9.782540000000000000e+06,5.210071735378811354e+03
9.783472000000000000e+06,5.153252237914820398e+03
9.784408000000000000e+06,5.121663260633788013e+03
9.785348000000000000e+06,5.114936502147996180e+03
9.786280000000000000e+06,5.084534378989782454e+03
9.787212000000000000e+06,5.046509111043123994e+03
9.788148000000000000e+06,5.034127661620730578e+03
9.789084000000000000e+06,5.012369226411741693e+03
9.790020000000000000e+06,4.979061982878871277e+03
9.790952000000000000e+06,4.955768685199457650e+03
9.791888000000000000e+06,4.934478073490388851e+03
9.792824000000000000e+06,4.935651473913029804e+03
9.793760000000000000e+06,4.938149522672527382e+03
9.794692000000000000e+06,4.938303495880895753e+03
9.795628000000000000e+06,4.936839829355940310e+03
9.796564000000000000e+06,4.942843057423594473e+03
9.797500000000000000e+06,4.943320096676759022e+03
9.798432000000000000e+06,4.919021513109730222e+03
9.799368000000000000e+06,4.896822761520526910e+03
9.800304000000000000e+06,4.886508752485312471e+03
9.801240000000000000e+06,4.874482868179508841e+03
9.802172000000000000e+06,4.920589736305508268e+03
9.803108000000000000e+06,4.937765739879318971e+03
9.804044000000000000e+06,4.951705421704479704e+03
9.804980000000000000e+06,4.953054983859720778e+03
9.805912000000000000e+06,4.953136394132289752e+03
9.806856000000000000e+06,4.956480168493380006e+03
9.807784000000000000e+06,4.940917479020330575e+03
9.808720000000000000e+06,4.965341595255560605e+03
9.809652000000000000e+06,4.995391466134774419e+03
9.810588000000000000e+06,5.011629163455276284e+03
9.811524000000000000e+06,5.038044682690549052e+03
9.812460000000000000e+06,5.041594635138201738e+03
9.813392000000000000e+06,5.055823071558378615e+03
9.814328000000000000e+06,5.045341189600523649e+03
9.815264000000000000e+06,5.060863934149268971e+03
9.816200000000000000e+06,5.066064276577511919e+03
9.817132000000000000e+06,5.088961185172233854e+03
9.818068000000000000e+06,5.115126712843039058e+03
9.819004000000000000e+06,5.087947300201899452e+03
9.819940000000000000e+06,5.093942994144554177e+03
9.820872000000000000e+06,5.092553932434188027e+03
9.821808000000000000e+06,5.093858455194645103e+03
9.822744000000000000e+06,5.119398858347917667e+03
9.823680000000000000e+06,5.123492801455992776e+03
9.824612000000000000e+06,5.109684391525876890e+03
9.825548000000000000e+06,5.094916535133560501e+03
9.826484000000000000e+06,5.082624566157593108e+03
9.827420000000000000e+06,5.072431349214421061e+03
9.828360000000000000e+06,5.078299753409032746e+03
9.829288000000000000e+06,5.083233370076249230e+03
9.830224000000000000e+06,5.042738719837321696e+03
9.831160000000000000e+06,5.051112870594582091e+03
9.832092000000000000e+06,5.034073789326050246e+03
9.833964000000000000e+06,5.022358533064363655e+03
9.834900000000000000e+06,4.994962645326710117e+03
9.835832000000000000e+06,4.955715780527765673e+03
9.836768000000000000e+06,4.914763807946507768e+03
9.837704000000000000e+06,4.894067557169927568e+03
9.838640000000000000e+06,4.875268311313710001e+03
9.839572000000000000e+06,4.847883292220227304e+03
9.840508000000000000e+06,4.833139269607490860e+03
9.841444000000000000e+06,4.793100261121785479e+03
9.842380000000000000e+06,4.758503559652793228e+03
9.843312000000000000e+06,4.724156196015325804e+03
9.844248000000000000e+06,4.690974759007300236e+03
9.845184000000000000e+06,4.622456711985835682e+03
9.846120000000000000e+06,4.596803191047404653e+03
9.847052000000000000e+06,4.575279981888743350e+03
9.847988000000000000e+06,4.529632766452638862e+03
9.848924000000000000e+06,4.455523307733645197e+03
9.849864000000000000e+06,4.417954645779774182e+03
9.850792000000000000e+06,4.401636718313574420e+03
9.851728000000000000e+06,4.326854534018530103e+03
9.852664000000000000e+06,4.287077168601023914e+03
9.853600000000000000e+06,4.246974948824713465e+03
9.854532000000000000e+06,4.188254920171973936e+03
9.855468000000000000e+06,4.155227205443890853e+03
9.856404000000000000e+06,4.124752258856881781e+03
9.857340000000000000e+06,4.078415928004777925e+03
9.858272000000000000e+06,4.026238076637573158e+03
9.859208000000000000e+06,3.998837312610477966e+03
9.860144000000000000e+06,3.951269192667781226e+03
9.861080000000000000e+06,3.902649269168317915e+03
9.862012000000000000e+06,3.895657833052206115e+03
9.862948000000000000e+06,3.875115791774256195e+03
9.863884000000000000e+06,3.819445561133422871e+03
9.864820000000000000e+06,3.797343246857218674e+03
9.865752000000000000e+06,3.764891652115396028e+03
9.866688000000000000e+06,3.724990511797019735e+03
9.867624000000000000e+06,3.706239352209239769e+03
9.868560000000000000e+06,3.670741664343232515e+03
9.869492000000000000e+06,3.620103991113084703e+03
9.870428000000000000e+06,3.585473901619153821e+03
9.871368000000000000e+06,3.539536439863893065e+03
9.872300000000000000e+06,3.537711486376651010e+03
9.873232000000000000e+06,3.522660196543638904e+03
9.874168000000000000e+06,3.500177361378487603e+03
9.875104000000000000e+06,3.478380351623178740e+03
9.876040000000000000e+06,3.445836631684202985e+03
9.876972000000000000e+06,3.413262144281834480e+03
9.877908000000000000e+06,3.396330377379293168e+03
9.878844000000000000e+06,3.377274242502346624e+03
9.879780000000000000e+06,3.351588353979068870e+03
9.880712000000000000e+06,3.300949765173603737e+03
9.881648000000000000e+06,3.319341164146068422e+03
9.882584000000000000e+06,3.284465757940915410e+03
9.883520000000000000e+06,3.268326647812355986e+03
9.884452000000000000e+06,3.255876062760041805e+03
9.885388000000000000e+06,3.242179073237108241e+03
9.886324000000000000e+06,3.219666489770219414e+03
9.887260000000000000e+06,3.198364775649102285e+03
9.888192000000000000e+06,3.189049901039904853e+03
9.889128000000000000e+06,3.188619629617787723e+03
9.890064000000000000e+06,3.171326398927855280e+03
9.891000000000000000e+06,3.182156313442769715e+03
9.891932000000000000e+06,3.158671047927923610e+03
9.892876000000000000e+06,3.159949703993269850e+03
9.893804000000000000e+06,3.170815637922486076e+03
9.894740000000000000e+06,3.150447709276405931e+03
9.895672000000000000e+06,3.171503428340407027e+03
9.896608000000000000e+06,3.158542692576561421e+03
9.897544000000000000e+06,3.149483747535912698e+03
9.898480000000000000e+06,3.151685664140904919e+03
9.899412000000000000e+06,3.159677780112311211e+03
9.900348000000000000e+06,3.145274516672325262e+03
9.901284000000000000e+06,3.116940476038238103e+03
9.902220000000000000e+06,3.130391902173889775e+03
9.903152000000000000e+06,3.109811365342442059e+03
9.904088000000000000e+06,3.118470594681004513e+03
9.905024000000000000e+06,3.103420840050800507e+03
9.905960000000000000e+06,3.077250792023547547e+03
9.906892000000000000e+06,3.059126819945637180e+03
9.907828000000000000e+06,3.059296147664072578e+03
9.908764000000000000e+06,3.023098172473306477e+03
9.909700000000000000e+06,3.007288560769996820e+03
9.910632000000000000e+06,2.954209917688568567e+03
9.911568000000000000e+06,2.942232911744598823e+03
9.912504000000000000e+06,2.909101465048549471e+03
9.913440000000000000e+06,2.887409195020688912e+03
9.914380000000000000e+06,2.884599483140596931e+03
9.915308000000000000e+06,2.858411050527316092e+03
9.916244000000000000e+06,2.821963329861756847e+03
9.917180000000000000e+06,2.775203903307105975e+03
9.918112000000000000e+06,2.740898555762671549e+03
9.919048000000000000e+06,2.698235529921745183e+03
9.919984000000000000e+06,2.675497874686500836e+03
