2.782284000000000000e+06,1.138000000000000000e+03
2.782428000000000000e+06,1.058000000000000000e+03
2.782568000000000000e+06,1.076000000000000000e+03
2.782704000000000000e+06,1.060000000000000000e+03
2.782844000000000000e+06,1.044000000000000000e+03
2.782980000000000000e+06,1.075000000000000000e+03
2.783120000000000000e+06,1.074000000000000000e+03
2.783392000000000000e+06,1.066000000000000000e+03
2.784324000000000000e+06,1.040000000000000000e+03
2.785260000000000000e+06,1.063000000000000000e+03
2.786196000000000000e+06,1.049000000000000000e+03
2.787132000000000000e+06,1.043000000000000000e+03
2.788064000000000000e+06,1.068000000000000000e+03
2.789000000000000000e+06,1.077000000000000000e+03
2.789936000000000000e+06,1.062000000000000000e+03
2.790872000000000000e+06,1.054000000000000000e+03
2.791804000000000000e+06,1.062000000000000000e+03
2.792740000000000000e+06,1.079000000000000000e+03
2.793676000000000000e+06,1.077000000000000000e+03
2.794612000000000000e+06,1.054000000000000000e+03
2.795544000000000000e+06,1.056000000000000000e+03
2.796480000000000000e+06,1.078000000000000000e+03
2.797416000000000000e+06,1.077000000000000000e+03
2.798352000000000000e+06,1.081000000000000000e+03
2.799284000000000000e+06,1.065000000000000000e+03
2.800220000000000000e+06,1.055000000000000000e+03
2.801156000000000000e+06,1.100000000000000000e+03
2.802092000000000000e+06,1.033000000000000000e+03
2.803024000000000000e+06,1.086000000000000000e+03
2.803960000000000000e+06,1.061000000000000000e+03
2.804896000000000000e+06,1.046000000000000000e+03
2.805832000000000000e+06,1.065000000000000000e+03
2.806764000000000000e+06,1.046000000000000000e+03
2.807700000000000000e+06,1.065000000000000000e+03
2.808636000000000000e+06,1.040000000000000000e+03
2.809572000000000000e+06,1.037000000000000000e+03
2.810504000000000000e+06,1.027000000000000000e+03
2.811440000000000000e+06,1.040000000000000000e+03
2.812376000000000000e+06,1.083000000000000000e+03
2.813312000000000000e+06,1.036000000000000000e+03
2.814244000000000000e+06,1.037000000000000000e+03
2.815180000000000000e+06,1.068000000000000000e+03
2.816116000000000000e+06,1.061000000000000000e+03
2.817052000000000000e+06,1.075000000000000000e+03
2.817984000000000000e+06,1.080000000000000000e+03
2.818920000000000000e+06,1.063000000000000000e+03
2.819856000000000000e+06,1.058000000000000000e+03
2.821724000000000000e+06,1.043000000000000000e+03
2.822660000000000000e+06,1.041000000000000000e+03
2.823596000000000000e+06,1.052000000000000000e+03
2.824532000000000000e+06,1.040000000000000000e+03
2.825464000000000000e+06,1.074000000000000000e+03
2.826400000000000000e+06,1.065000000000000000e+03
2.827336000000000000e+06,1.051000000000000000e+03
2.828272000000000000e+06,1.072000000000000000e+03
2.829204000000000000e+06,1.062000000000000000e+03
2.830140000000000000e+06,1.056000000000000000e+03
2.831076000000000000e+06,1.038000000000000000e+03
2.832012000000000000e+06,1.073000000000000000e+03
2.832944000000000000e+06,1.031000000000000000e+03
2.833880000000000000e+06,1.056000000000000000e+03
2.834816000000000000e+06,1.071000000000000000e+03
2.835752000000000000e+06,1.049000000000000000e+03
2.836684000000000000e+06,1.076000000000000000e+03
2.837620000000000000e+06,1.066000000000000000e+03
2.838556000000000000e+06,1.053000000000000000e+03
2.839492000000000000e+06,1.073000000000000000e+03
2.840424000000000000e+06,1.080000000000000000e+03
2.841360000000000000e+06,1.092000000000000000e+03
2.842296000000000000e+06,1.026000000000000000e+03
2.843232000000000000e+06,1.032000000000000000e+03
2.844164000000000000e+06,1.040000000000000000e+03
2.845100000000000000e+06,1.064000000000000000e+03
2.846036000000000000e+06,1.045000000000000000e+03
2.846972000000000000e+06,1.041000000000000000e+03
2.847904000000000000e+06,1.069000000000000000e+03
2.848840000000000000e+06,1.054000000000000000e+03
2.849776000000000000e+06,1.044000000000000000e+03
2.850712000000000000e+06,1.087000000000000000e+03
2.851644000000000000e+06,1.058000000000000000e+03
2.852580000000000000e+06,1.042000000000000000e+03
2.853516000000000000e+06,1.059000000000000000e+03
2.854452000000000000e+06,1.070000000000000000e+03
2.855384000000000000e+06,1.077000000000000000e+03
2.856320000000000000e+06,1.068000000000000000e+03
2.857256000000000000e+06,1.058000000000000000e+03
2.858192000000000000e+06,1.063000000000000000e+03
2.859124000000000000e+06,1.079000000000000000e+03
2.860060000000000000e+06,1.078000000000000000e+03
2.860996000000000000e+06,1.017000000000000000e+03
2.861932000000000000e+06,1.034000000000000000e+03
2.862864000000000000e+06,1.059000000000000000e+03
2.863800000000000000e+06,1.069000000000000000e+03
2.864736000000000000e+06,1.054000000000000000e+03
2.865672000000000000e+06,1.046000000000000000e+03
2.866604000000000000e+06,1.050000000000000000e+03
2.867540000000000000e+06,1.037000000000000000e+03
2.868476000000000000e+06,1.046000000000000000e+03
2.869412000000000000e+06,1.047000000000000000e+03
2.870344000000000000e+06,1.069000000000000000e+03
2.871280000000000000e+06,1.054000000000000000e+03
2.872216000000000000e+06,1.084000000000000000e+03
2.873152000000000000e+06,1.032000000000000000e+03
2.874084000000000000e+06,1.068000000000000000e+03
2.875020000000000000e+06,1.052000000000000000e+03
2.875956000000000000e+06,1.035000000000000000e+03
2.876892000000000000e+06,1.056000000000000000e+03
2.877824000000000000e+06,1.076000000000000000e+03
2.878760000000000000e+06,1.039000000000000000e+03
2.879696000000000000e+06,1.057000000000000000e+03
2.880632000000000000e+06,1.051000000000000000e+03
2.881564000000000000e+06,1.070000000000000000e+03
2.882500000000000000e+06,1.082000000000000000e+03
2.883436000000000000e+06,1.068000000000000000e+03
2.884372000000000000e+06,1.039000000000000000e+03
2.885304000000000000e+06,1.079000000000000000e+03
2.887176000000000000e+06,1.077000000000000000e+03
2.888112000000000000e+06,1.071000000000000000e+03
2.889044000000000000e+06,1.080000000000000000e+03
2.889980000000000000e+06,1.053000000000000000e+03
2.890916000000000000e+06,1.034000000000000000e+03
2.891852000000000000e+06,1.079000000000000000e+03
2.892784000000000000e+06,1.075000000000000000e+03
2.893720000000000000e+06,1.080000000000000000e+03
2.894656000000000000e+06,1.073000000000000000e+03
2.895592000000000000e+06,1.037000000000000000e+03
2.896524000000000000e+06,1.056000000000000000e+03
2.897460000000000000e+06,1.055000000000000000e+03
2.898396000000000000e+06,1.067000000000000000e+03
2.899332000000000000e+06,1.079000000000000000e+03
2.900264000000000000e+06,1.077000000000000000e+03
2.901200000000000000e+06,1.101000000000000000e+03
2.902136000000000000e+06,1.031000000000000000e+03
2.903072000000000000e+06,1.045000000000000000e+03
2.904004000000000000e+06,1.058000000000000000e+03
2.904940000000000000e+06,1.066000000000000000e+03
2.905876000000000000e+06,1.055000000000000000e+03
2.906812000000000000e+06,1.076000000000000000e+03
2.907744000000000000e+06,1.061000000000000000e+03
2.908680000000000000e+06,1.033000000000000000e+03
2.909616000000000000e+06,1.034000000000000000e+03
2.910552000000000000e+06,1.036000000000000000e+03
2.911484000000000000e+06,1.061000000000000000e+03
2.912420000000000000e+06,1.033000000000000000e+03
2.913356000000000000e+06,1.033000000000000000e+03
2.914292000000000000e+06,1.032000000000000000e+03
2.915224000000000000e+06,1.065000000000000000e+03
2.916160000000000000e+06,1.081000000000000000e+03
2.917096000000000000e+06,1.080000000000000000e+03
2.918032000000000000e+06,1.043000000000000000e+03
2.918964000000000000e+06,1.064000000000000000e+03
2.919900000000000000e+06,1.068000000000000000e+03
2.920836000000000000e+06,1.018000000000000000e+03
2.921772000000000000e+06,1.087000000000000000e+03
2.922704000000000000e+06,1.083000000000000000e+03
2.923640000000000000e+06,1.037000000000000000e+03
2.924576000000000000e+06,1.055000000000000000e+03
2.925512000000000000e+06,1.047000000000000000e+03
2.926444000000000000e+06,1.053000000000000000e+03
2.927380000000000000e+06,1.079000000000000000e+03
2.928316000000000000e+06,1.035000000000000000e+03
2.929252000000000000e+06,1.039000000000000000e+03
2.930184000000000000e+06,1.035000000000000000e+03
2.931120000000000000e+06,1.082000000000000000e+03
2.932056000000000000e+06,1.064000000000000000e+03
2.932992000000000000e+06,1.080000000000000000e+03
2.933924000000000000e+06,1.073000000000000000e+03
2.934860000000000000e+06,1.034000000000000000e+03
2.935796000000000000e+06,1.064000000000000000e+03
2.936732000000000000e+06,1.051000000000000000e+03
2.937664000000000000e+06,1.061000000000000000e+03
2.938600000000000000e+06,1.041000000000000000e+03
2.939536000000000000e+06,1.082000000000000000e+03
2.940472000000000000e+06,1.048000000000000000e+03
2.941404000000000000e+06,1.031000000000000000e+03
2.942340000000000000e+06,1.036000000000000000e+03
2.943276000000000000e+06,1.062000000000000000e+03
2.944212000000000000e+06,1.052000000000000000e+03
2.945144000000000000e+06,1.051000000000000000e+03
2.946080000000000000e+06,1.074000000000000000e+03
2.947016000000000000e+06,1.048000000000000000e+03
2.947952000000000000e+06,1.037000000000000000e+03
2.948884000000000000e+06,1.048000000000000000e+03
2.949820000000000000e+06,1.074000000000000000e+03
2.950756000000000000e+06,1.019000000000000000e+03
2.952624000000000000e+06,1.055000000000000000e+03
2.953560000000000000e+06,1.049000000000000000e+03
2.954496000000000000e+06,1.035000000000000000e+03
2.955432000000000000e+06,1.036000000000000000e+03
2.956364000000000000e+06,1.038000000000000000e+03
2.957300000000000000e+06,1.076000000000000000e+03
2.958236000000000000e+06,1.035000000000000000e+03
2.959172000000000000e+06,1.068000000000000000e+03
2.960104000000000000e+06,1.079000000000000000e+03
2.961040000000000000e+06,1.055000000000000000e+03
2.961976000000000000e+06,1.039000000000000000e+03
2.962912000000000000e+06,1.080000000000000000e+03
2.963844000000000000e+06,1.068000000000000000e+03
2.964780000000000000e+06,1.074000000000000000e+03
2.965716000000000000e+06,1.056000000000000000e+03
2.966652000000000000e+06,1.040000000000000000e+03
2.967584000000000000e+06,1.066000000000000000e+03
2.968520000000000000e+06,1.068000000000000000e+03
2.969456000000000000e+06,1.068000000000000000e+03
2.970392000000000000e+06,1.070000000000000000e+03
2.971324000000000000e+06,1.073000000000000000e+03
2.972260000000000000e+06,1.065000000000000000e+03
2.973196000000000000e+06,1.032000000000000000e+03
2.974132000000000000e+06,1.069000000000000000e+03
2.975064000000000000e+06,1.035000000000000000e+03
2.976000000000000000e+06,1.048000000000000000e+03
2.976936000000000000e+06,1.071000000000000000e+03
2.977872000000000000e+06,1.055000000000000000e+03
2.978804000000000000e+06,1.044000000000000000e+03
2.979740000000000000e+06,1.053000000000000000e+03
2.980676000000000000e+06,1.049000000000000000e+03
2.981612000000000000e+06,1.054000000000000000e+03
2.982544000000000000e+06,1.035000000000000000e+03
2.983480000000000000e+06,1.073000000000000000e+03
2.984416000000000000e+06,1.077000000000000000e+03
2.985352000000000000e+06,1.053000000000000000e+03
2.986284000000000000e+06,1.044000000000000000e+03
2.987220000000000000e+06,1.073000000000000000e+03
2.988156000000000000e+06,1.080000000000000000e+03
2.989092000000000000e+06,1.061000000000000000e+03
2.990024000000000000e+06,1.029000000000000000e+03
2.990960000000000000e+06,1.048000000000000000e+03
2.991896000000000000e+06,1.066000000000000000e+03
2.992832000000000000e+06,1.079000000000000000e+03
2.993764000000000000e+06,1.080000000000000000e+03
2.994700000000000000e+06,1.071000000000000000e+03
2.995636000000000000e+06,1.063000000000000000e+03
2.996572000000000000e+06,1.041000000000000000e+03
2.997504000000000000e+06,1.068000000000000000e+03
2.998440000000000000e+06,1.056000000000000000e+03
2.999376000000000000e+06,1.062000000000000000e+03
3.000312000000000000e+06,1.035000000000000000e+03
3.001244000000000000e+06,1.068000000000000000e+03
3.002180000000000000e+06,1.066000000000000000e+03
3.003116000000000000e+06,1.053000000000000000e+03
3.004052000000000000e+06,1.046000000000000000e+03
3.004984000000000000e+06,1.035000000000000000e+03
3.005920000000000000e+06,1.035000000000000000e+03
3.006856000000000000e+06,1.065000000000000000e+03
3.007792000000000000e+06,1.068000000000000000e+03
3.008724000000000000e+06,1.031000000000000000e+03
3.009660000000000000e+06,1.080000000000000000e+03
3.010596000000000000e+06,1.033000000000000000e+03
3.011532000000000000e+06,1.035000000000000000e+03
3.012464000000000000e+06,1.067000000000000000e+03
3.013400000000000000e+06,1.032000000000000000e+03
3.014336000000000000e+06,1.034000000000000000e+03
3.015272000000000000e+06,1.067000000000000000e+03
3.016204000000000000e+06,1.066000000000000000e+03
3.017140000000000000e+06,1.079000000000000000e+03
3.018076000000000000e+06,1.062000000000000000e+03
3.019012000000000000e+06,1.058000000000000000e+03
3.019944000000000000e+06,1.040000000000000000e+03
3.020880000000000000e+06,1.058000000000000000e+03
3.021816000000000000e+06,1.034000000000000000e+03
3.022752000000000000e+06,1.038000000000000000e+03
3.023684000000000000e+06,1.075000000000000000e+03
3.024620000000000000e+06,1.057000000000000000e+03
3.025556000000000000e+06,1.048000000000000000e+03
3.026492000000000000e+06,1.042000000000000000e+03
3.027424000000000000e+06,1.066000000000000000e+03
3.028360000000000000e+06,1.030000000000000000e+03
3.029296000000000000e+06,1.055000000000000000e+03
3.030232000000000000e+06,1.088000000000000000e+03
3.031164000000000000e+06,1.085000000000000000e+03
3.032100000000000000e+06,1.043000000000000000e+03
3.033036000000000000e+06,1.045000000000000000e+03
3.033972000000000000e+06,1.028000000000000000e+03
3.034904000000000000e+06,1.030000000000000000e+03
3.035840000000000000e+06,1.032000000000000000e+03
3.036776000000000000e+06,1.039000000000000000e+03
3.037712000000000000e+06,1.054000000000000000e+03
3.038644000000000000e+06,1.035000000000000000e+03
3.039580000000000000e+06,1.058000000000000000e+03
3.040516000000000000e+06,1.040000000000000000e+03
3.041452000000000000e+06,1.048000000000000000e+03
3.042384000000000000e+06,1.062000000000000000e+03
3.043320000000000000e+06,1.030000000000000000e+03
3.044256000000000000e+06,1.056000000000000000e+03
3.045192000000000000e+06,1.071000000000000000e+03
3.046124000000000000e+06,1.056000000000000000e+03
3.047060000000000000e+06,1.038000000000000000e+03
3.047996000000000000e+06,1.053000000000000000e+03
3.048932000000000000e+06,1.067000000000000000e+03
3.049864000000000000e+06,1.075000000000000000e+03
3.050800000000000000e+06,1.030000000000000000e+03
3.051736000000000000e+06,1.063000000000000000e+03
3.052672000000000000e+06,1.050000000000000000e+03
3.053604000000000000e+06,1.056000000000000000e+03
3.054540000000000000e+06,1.033000000000000000e+03
3.055476000000000000e+06,1.060000000000000000e+03
3.056412000000000000e+06,1.070000000000000000e+03
3.057344000000000000e+06,1.072000000000000000e+03
3.058280000000000000e+06,1.067000000000000000e+03
3.059216000000000000e+06,1.026000000000000000e+03
3.060152000000000000e+06,1.021000000000000000e+03
3.061084000000000000e+06,1.082000000000000000e+03
3.062020000000000000e+06,1.037000000000000000e+03
3.062956000000000000e+06,1.044000000000000000e+03
3.063892000000000000e+06,1.052000000000000000e+03
3.064824000000000000e+06,1.049000000000000000e+03
3.065760000000000000e+06,1.073000000000000000e+03
3.066696000000000000e+06,1.067000000000000000e+03
3.067632000000000000e+06,1.078000000000000000e+03
3.068564000000000000e+06,1.075000000000000000e+03
3.069500000000000000e+06,1.056000000000000000e+03
3.070436000000000000e+06,1.087000000000000000e+03
3.071372000000000000e+06,1.061000000000000000e+03
3.072304000000000000e+06,1.029000000000000000e+03
3.073240000000000000e+06,1.034000000000000000e+03
3.074176000000000000e+06,1.030000000000000000e+03
3.075112000000000000e+06,1.052000000000000000e+03
3.076044000000000000e+06,1.070000000000000000e+03
3.076980000000000000e+06,1.063000000000000000e+03
3.077916000000000000e+06,1.030000000000000000e+03
3.078852000000000000e+06,1.047000000000000000e+03
3.079784000000000000e+06,1.032000000000000000e+03
3.080720000000000000e+06,1.030000000000000000e+03
3.081656000000000000e+06,1.054000000000000000e+03
3.082592000000000000e+06,1.076000000000000000e+03
3.083524000000000000e+06,1.070000000000000000e+03
3.084460000000000000e+06,1.041000000000000000e+03
3.085396000000000000e+06,1.037000000000000000e+03
3.086332000000000000e+06,1.045000000000000000e+03
3.087264000000000000e+06,1.073000000000000000e+03
3.088200000000000000e+06,1.076000000000000000e+03
3.089136000000000000e+06,1.040000000000000000e+03
3.090072000000000000e+06,1.038000000000000000e+03
3.091004000000000000e+06,1.094000000000000000e+03
3.091940000000000000e+06,1.039000000000000000e+03
3.092876000000000000e+06,1.083000000000000000e+03
3.093812000000000000e+06,1.071000000000000000e+03
3.094744000000000000e+06,1.030000000000000000e+03
3.095680000000000000e+06,1.059000000000000000e+03
3.096616000000000000e+06,1.063000000000000000e+03
3.097552000000000000e+06,1.058000000000000000e+03
3.098484000000000000e+06,1.040000000000000000e+03
3.099420000000000000e+06,1.031000000000000000e+03
3.100356000000000000e+06,1.039000000000000000e+03
3.101292000000000000e+06,1.084000000000000000e+03
3.102224000000000000e+06,1.060000000000000000e+03
3.103160000000000000e+06,1.040000000000000000e+03
3.104096000000000000e+06,1.033000000000000000e+03
3.105032000000000000e+06,1.033000000000000000e+03
3.105964000000000000e+06,1.040000000000000000e+03
3.106900000000000000e+06,1.069000000000000000e+03
3.107836000000000000e+06,1.076000000000000000e+03
3.108772000000000000e+06,1.048000000000000000e+03
3.109704000000000000e+06,1.077000000000000000e+03
3.110640000000000000e+06,1.052000000000000000e+03
3.111576000000000000e+06,1.049000000000000000e+03
3.112512000000000000e+06,1.065000000000000000e+03
3.113444000000000000e+06,1.031000000000000000e+03
3.114380000000000000e+06,1.056000000000000000e+03
3.115316000000000000e+06,1.042000000000000000e+03
3.116252000000000000e+06,1.029000000000000000e+03
3.117184000000000000e+06,1.058000000000000000e+03
3.118120000000000000e+06,1.074000000000000000e+03
3.119056000000000000e+06,1.053000000000000000e+03
3.119992000000000000e+06,1.062000000000000000e+03
3.120924000000000000e+06,1.074000000000000000e+03
3.121860000000000000e+06,1.069000000000000000e+03
3.122796000000000000e+06,1.081000000000000000e+03
3.123732000000000000e+06,1.028000000000000000e+03
3.124664000000000000e+06,1.053000000000000000e+03
3.125600000000000000e+06,1.066000000000000000e+03
3.126536000000000000e+06,1.053000000000000000e+03
3.127472000000000000e+06,1.023000000000000000e+03
3.128404000000000000e+06,1.025000000000000000e+03
3.129340000000000000e+06,1.036000000000000000e+03
3.130276000000000000e+06,1.023000000000000000e+03
3.131212000000000000e+06,1.057000000000000000e+03
3.132144000000000000e+06,1.036000000000000000e+03
3.133080000000000000e+06,1.027000000000000000e+03
3.134016000000000000e+06,1.029000000000000000e+03
3.134952000000000000e+06,1.061000000000000000e+03
3.135884000000000000e+06,1.030000000000000000e+03
3.136820000000000000e+06,1.048000000000000000e+03
3.137756000000000000e+06,1.057000000000000000e+03
3.138692000000000000e+06,1.075000000000000000e+03
3.139624000000000000e+06,1.039000000000000000e+03
3.140560000000000000e+06,1.103000000000000000e+03
3.141496000000000000e+06,1.031000000000000000e+03
3.142432000000000000e+06,1.061000000000000000e+03
3.143364000000000000e+06,1.062000000000000000e+03
3.144300000000000000e+06,1.058000000000000000e+03
3.145236000000000000e+06,1.066000000000000000e+03
3.146172000000000000e+06,1.065000000000000000e+03
3.147104000000000000e+06,1.068000000000000000e+03
3.148040000000000000e+06,1.039000000000000000e+03
3.148976000000000000e+06,1.037000000000000000e+03
3.149912000000000000e+06,1.058000000000000000e+03
3.150844000000000000e+06,1.028000000000000000e+03
3.151780000000000000e+06,1.069000000000000000e+03
3.152716000000000000e+06,1.063000000000000000e+03
3.153652000000000000e+06,1.058000000000000000e+03
3.154584000000000000e+06,1.039000000000000000e+03
3.155520000000000000e+06,1.046000000000000000e+03
3.156456000000000000e+06,1.064000000000000000e+03
3.157392000000000000e+06,1.058000000000000000e+03
3.158324000000000000e+06,1.046000000000000000e+03
3.159260000000000000e+06,1.048000000000000000e+03
3.160196000000000000e+06,1.049000000000000000e+03
3.161132000000000000e+06,1.055000000000000000e+03
3.162064000000000000e+06,1.036000000000000000e+03
3.163000000000000000e+06,1.068000000000000000e+03
3.163936000000000000e+06,1.054000000000000000e+03
3.164872000000000000e+06,1.043000000000000000e+03
3.165804000000000000e+06,1.023000000000000000e+03
3.166740000000000000e+06,1.042000000000000000e+03
3.167676000000000000e+06,1.043000000000000000e+03
3.168612000000000000e+06,1.067000000000000000e+03
3.169544000000000000e+06,1.052000000000000000e+03
3.170480000000000000e+06,1.035000000000000000e+03
3.171416000000000000e+06,1.076000000000000000e+03
3.172352000000000000e+06,1.063000000000000000e+03
3.173284000000000000e+06,1.024000000000000000e+03
3.174220000000000000e+06,1.071000000000000000e+03
3.175156000000000000e+06,1.032000000000000000e+03
3.176092000000000000e+06,1.051000000000000000e+03
3.177024000000000000e+06,1.047000000000000000e+03
3.177960000000000000e+06,1.044000000000000000e+03
3.178896000000000000e+06,1.071000000000000000e+03
3.179832000000000000e+06,1.068000000000000000e+03
3.180764000000000000e+06,9.990000000000000000e+02
3.181700000000000000e+06,1.055000000000000000e+03
3.182636000000000000e+06,1.063000000000000000e+03
3.183572000000000000e+06,1.047000000000000000e+03
3.184504000000000000e+06,1.067000000000000000e+03
3.185440000000000000e+06,1.048000000000000000e+03
3.186376000000000000e+06,1.041000000000000000e+03
3.187312000000000000e+06,1.042000000000000000e+03
3.188244000000000000e+06,1.022000000000000000e+03
3.189180000000000000e+06,1.034000000000000000e+03
3.190116000000000000e+06,1.062000000000000000e+03
3.191052000000000000e+06,1.070000000000000000e+03
3.191984000000000000e+06,1.037000000000000000e+03
3.192920000000000000e+06,1.063000000000000000e+03
3.193860000000000000e+06,1.043000000000000000e+03
3.194792000000000000e+06,1.061000000000000000e+03
3.195724000000000000e+06,1.045000000000000000e+03
3.196660000000000000e+06,1.029000000000000000e+03
3.197596000000000000e+06,1.040000000000000000e+03
3.198532000000000000e+06,1.064000000000000000e+03
3.199464000000000000e+06,1.029000000000000000e+03
3.200400000000000000e+06,1.011000000000000000e+03
3.201336000000000000e+06,1.046000000000000000e+03
3.202272000000000000e+06,1.062000000000000000e+03
3.203204000000000000e+06,1.027000000000000000e+03
3.204140000000000000e+06,1.071000000000000000e+03
3.205076000000000000e+06,1.026000000000000000e+03
3.206012000000000000e+06,1.064000000000000000e+03
3.206944000000000000e+06,1.072000000000000000e+03
3.207880000000000000e+06,1.074000000000000000e+03
3.208816000000000000e+06,1.066000000000000000e+03
3.209752000000000000e+06,1.072000000000000000e+03
3.210684000000000000e+06,9.960000000000000000e+02
3.211620000000000000e+06,1.032000000000000000e+03
3.212556000000000000e+06,1.067000000000000000e+03
3.213492000000000000e+06,1.066000000000000000e+03
3.214424000000000000e+06,1.074000000000000000e+03
3.215368000000000000e+06,1.048000000000000000e+03
3.216296000000000000e+06,1.028000000000000000e+03
3.217232000000000000e+06,1.055000000000000000e+03
3.218164000000000000e+06,1.051000000000000000e+03
3.219100000000000000e+06,1.030000000000000000e+03
3.220036000000000000e+06,1.050000000000000000e+03
3.220972000000000000e+06,1.043000000000000000e+03
3.221904000000000000e+06,1.032000000000000000e+03
3.222840000000000000e+06,1.036000000000000000e+03
3.223776000000000000e+06,1.050000000000000000e+03
3.224712000000000000e+06,1.036000000000000000e+03
3.225644000000000000e+06,1.065000000000000000e+03
3.226580000000000000e+06,1.060000000000000000e+03
3.227516000000000000e+06,1.065000000000000000e+03
3.228452000000000000e+06,1.053000000000000000e+03
3.229384000000000000e+06,1.026000000000000000e+03
3.230320000000000000e+06,1.059000000000000000e+03
3.231256000000000000e+06,1.022000000000000000e+03
3.232192000000000000e+06,1.056000000000000000e+03
3.233124000000000000e+06,1.027000000000000000e+03
3.234060000000000000e+06,1.044000000000000000e+03
3.234996000000000000e+06,1.068000000000000000e+03
3.235932000000000000e+06,1.040000000000000000e+03
3.236872000000000000e+06,1.065000000000000000e+03
3.237800000000000000e+06,1.039000000000000000e+03
3.238736000000000000e+06,1.030000000000000000e+03
3.239672000000000000e+06,1.020000000000000000e+03
3.240604000000000000e+06,1.009000000000000000e+03
3.241540000000000000e+06,1.020000000000000000e+03
3.242476000000000000e+06,1.033000000000000000e+03
3.243412000000000000e+06,1.044000000000000000e+03
3.244344000000000000e+06,1.029000000000000000e+03
3.245280000000000000e+06,1.061000000000000000e+03
3.246216000000000000e+06,1.062000000000000000e+03
3.247152000000000000e+06,1.060000000000000000e+03
3.248084000000000000e+06,1.030000000000000000e+03
3.249020000000000000e+06,1.025000000000000000e+03
3.249956000000000000e+06,1.076000000000000000e+03
3.250892000000000000e+06,1.088000000000000000e+03
3.251824000000000000e+06,1.031000000000000000e+03
3.252760000000000000e+06,1.038000000000000000e+03
3.253696000000000000e+06,1.031000000000000000e+03
3.254632000000000000e+06,1.052000000000000000e+03
3.255564000000000000e+06,1.039000000000000000e+03
3.256500000000000000e+06,1.048000000000000000e+03
3.257436000000000000e+06,1.061000000000000000e+03
3.258376000000000000e+06,1.067000000000000000e+03
3.259304000000000000e+06,1.048000000000000000e+03
3.260240000000000000e+06,1.039000000000000000e+03
3.261176000000000000e+06,1.063000000000000000e+03
3.262112000000000000e+06,1.028000000000000000e+03
3.263044000000000000e+06,1.065000000000000000e+03
3.263980000000000000e+06,1.039000000000000000e+03
3.264916000000000000e+06,1.061000000000000000e+03
3.265852000000000000e+06,1.064000000000000000e+03
3.266784000000000000e+06,1.049000000000000000e+03
3.267720000000000000e+06,1.037000000000000000e+03
3.268656000000000000e+06,1.028000000000000000e+03
3.269592000000000000e+06,1.042000000000000000e+03
3.270524000000000000e+06,1.051000000000000000e+03
3.271460000000000000e+06,1.028000000000000000e+03
3.272396000000000000e+06,1.059000000000000000e+03
3.273332000000000000e+06,1.045000000000000000e+03
3.274264000000000000e+06,1.027000000000000000e+03
3.275200000000000000e+06,1.026000000000000000e+03
3.276136000000000000e+06,1.034000000000000000e+03
3.277072000000000000e+06,1.029000000000000000e+03
3.278004000000000000e+06,1.077000000000000000e+03
3.278940000000000000e+06,1.037000000000000000e+03
3.279884000000000000e+06,1.078000000000000000e+03
3.280812000000000000e+06,9.950000000000000000e+02
3.281744000000000000e+06,1.083000000000000000e+03
3.282680000000000000e+06,1.045000000000000000e+03
3.283616000000000000e+06,1.070000000000000000e+03
3.284552000000000000e+06,1.029000000000000000e+03
3.285484000000000000e+06,1.058000000000000000e+03
3.286420000000000000e+06,1.066000000000000000e+03
3.287356000000000000e+06,1.072000000000000000e+03
3.288292000000000000e+06,1.035000000000000000e+03
3.289224000000000000e+06,1.040000000000000000e+03
3.290160000000000000e+06,1.042000000000000000e+03
3.291096000000000000e+06,1.048000000000000000e+03
3.292032000000000000e+06,1.020000000000000000e+03
3.292964000000000000e+06,1.037000000000000000e+03
3.293900000000000000e+06,1.024000000000000000e+03
3.294836000000000000e+06,1.026000000000000000e+03
3.295772000000000000e+06,1.043000000000000000e+03
3.296704000000000000e+06,1.030000000000000000e+03
3.297640000000000000e+06,1.051000000000000000e+03
3.298576000000000000e+06,1.067000000000000000e+03
3.299512000000000000e+06,1.025000000000000000e+03
3.300444000000000000e+06,1.053000000000000000e+03
3.301388000000000000e+06,1.021000000000000000e+03
3.302316000000000000e+06,1.057000000000000000e+03
3.303252000000000000e+06,1.064000000000000000e+03
3.304184000000000000e+06,1.066000000000000000e+03
3.305120000000000000e+06,1.051000000000000000e+03
3.306056000000000000e+06,1.048000000000000000e+03
3.306992000000000000e+06,1.060000000000000000e+03
3.307924000000000000e+06,1.052000000000000000e+03
3.308860000000000000e+06,1.073000000000000000e+03
3.309796000000000000e+06,1.061000000000000000e+03
3.310732000000000000e+06,1.021000000000000000e+03
3.311664000000000000e+06,1.036000000000000000e+03
3.312600000000000000e+06,1.026000000000000000e+03
3.313536000000000000e+06,1.046000000000000000e+03
3.314472000000000000e+06,1.045000000000000000e+03
3.315404000000000000e+06,1.027000000000000000e+03
3.316340000000000000e+06,1.044000000000000000e+03
3.317276000000000000e+06,1.068000000000000000e+03
3.318212000000000000e+06,1.027000000000000000e+03
3.319144000000000000e+06,1.062000000000000000e+03
3.320080000000000000e+06,1.027000000000000000e+03
3.321016000000000000e+06,1.093000000000000000e+03
3.321952000000000000e+06,1.032000000000000000e+03
3.322892000000000000e+06,1.032000000000000000e+03
3.323820000000000000e+06,1.038000000000000000e+03
3.324756000000000000e+06,1.069000000000000000e+03
3.325692000000000000e+06,1.069000000000000000e+03
3.326624000000000000e+06,1.068000000000000000e+03
3.327560000000000000e+06,1.031000000000000000e+03
3.328496000000000000e+06,1.032000000000000000e+03
3.329432000000000000e+06,1.073000000000000000e+03
3.330364000000000000e+06,1.024000000000000000e+03
3.331300000000000000e+06,1.035000000000000000e+03
3.332236000000000000e+06,1.067000000000000000e+03
3.333172000000000000e+06,1.069000000000000000e+03
3.334104000000000000e+06,1.056000000000000000e+03
3.335040000000000000e+06,1.038000000000000000e+03
3.335976000000000000e+06,1.060000000000000000e+03
3.336912000000000000e+06,1.060000000000000000e+03
3.337844000000000000e+06,1.024000000000000000e+03
3.338780000000000000e+06,1.060000000000000000e+03
3.339716000000000000e+06,1.051000000000000000e+03
3.340652000000000000e+06,1.023000000000000000e+03
3.341584000000000000e+06,1.018000000000000000e+03
3.342520000000000000e+06,1.046000000000000000e+03
3.343456000000000000e+06,1.043000000000000000e+03
3.344396000000000000e+06,1.040000000000000000e+03
3.345324000000000000e+06,1.054000000000000000e+03
3.346260000000000000e+06,1.044000000000000000e+03
3.347196000000000000e+06,1.043000000000000000e+03
3.348132000000000000e+06,1.020000000000000000e+03
3.349064000000000000e+06,1.070000000000000000e+03
3.350000000000000000e+06,1.047000000000000000e+03
3.350936000000000000e+06,1.088000000000000000e+03
3.351872000000000000e+06,1.048000000000000000e+03
3.352804000000000000e+06,1.046000000000000000e+03
3.353740000000000000e+06,1.022000000000000000e+03
3.354676000000000000e+06,1.041000000000000000e+03
3.355612000000000000e+06,1.048000000000000000e+03
3.356544000000000000e+06,1.066000000000000000e+03
3.357480000000000000e+06,1.045000000000000000e+03
3.358416000000000000e+06,1.036000000000000000e+03
3.359352000000000000e+06,1.020000000000000000e+03
3.360284000000000000e+06,1.071000000000000000e+03
3.361220000000000000e+06,1.046000000000000000e+03
3.362156000000000000e+06,1.045000000000000000e+03
3.363092000000000000e+06,1.029000000000000000e+03
3.364024000000000000e+06,1.077000000000000000e+03
3.364960000000000000e+06,1.028000000000000000e+03
3.365904000000000000e+06,1.053000000000000000e+03
3.366832000000000000e+06,1.056000000000000000e+03
3.367764000000000000e+06,1.068000000000000000e+03
3.368700000000000000e+06,1.027000000000000000e+03
3.369636000000000000e+06,1.059000000000000000e+03
3.370572000000000000e+06,1.017000000000000000e+03
3.371504000000000000e+06,1.026000000000000000e+03
3.372440000000000000e+06,1.036000000000000000e+03
3.373376000000000000e+06,1.025000000000000000e+03
3.374312000000000000e+06,1.032000000000000000e+03
3.375244000000000000e+06,1.040000000000000000e+03
3.376180000000000000e+06,1.042000000000000000e+03
3.377116000000000000e+06,1.047000000000000000e+03
3.378052000000000000e+06,1.054000000000000000e+03
3.378984000000000000e+06,1.043000000000000000e+03
3.379920000000000000e+06,1.052000000000000000e+03
3.380856000000000000e+06,1.067000000000000000e+03
3.381792000000000000e+06,1.056000000000000000e+03
3.382724000000000000e+06,1.042000000000000000e+03
3.383660000000000000e+06,1.050000000000000000e+03
3.384596000000000000e+06,1.024000000000000000e+03
3.385532000000000000e+06,1.058000000000000000e+03
3.386464000000000000e+06,1.025000000000000000e+03
3.387408000000000000e+06,1.068000000000000000e+03
3.388336000000000000e+06,1.045000000000000000e+03
3.389272000000000000e+06,1.053000000000000000e+03
3.390204000000000000e+06,1.070000000000000000e+03
3.391140000000000000e+06,1.060000000000000000e+03
3.392076000000000000e+06,1.015000000000000000e+03
3.393012000000000000e+06,1.023000000000000000e+03
3.393944000000000000e+06,1.053000000000000000e+03
3.394880000000000000e+06,1.059000000000000000e+03
3.395816000000000000e+06,1.065000000000000000e+03
3.396752000000000000e+06,1.046000000000000000e+03
3.397684000000000000e+06,1.036000000000000000e+03
3.398620000000000000e+06,1.036000000000000000e+03
3.399556000000000000e+06,1.042000000000000000e+03
3.400492000000000000e+06,1.092000000000000000e+03
3.401424000000000000e+06,1.068000000000000000e+03
3.402360000000000000e+06,1.064000000000000000e+03
3.403296000000000000e+06,1.061000000000000000e+03
3.404232000000000000e+06,1.024000000000000000e+03
3.405164000000000000e+06,1.065000000000000000e+03
3.406100000000000000e+06,1.064000000000000000e+03
3.407036000000000000e+06,1.032000000000000000e+03
3.407972000000000000e+06,1.023000000000000000e+03
3.408912000000000000e+06,1.069000000000000000e+03
3.409840000000000000e+06,1.045000000000000000e+03
3.410776000000000000e+06,1.048000000000000000e+03
3.411712000000000000e+06,1.018000000000000000e+03
3.412644000000000000e+06,1.070000000000000000e+03
3.413580000000000000e+06,1.035000000000000000e+03
3.414516000000000000e+06,1.025000000000000000e+03
3.415452000000000000e+06,1.070000000000000000e+03
3.416384000000000000e+06,1.029000000000000000e+03
3.417320000000000000e+06,1.057000000000000000e+03
3.418256000000000000e+06,1.059000000000000000e+03
3.419192000000000000e+06,1.067000000000000000e+03
3.420124000000000000e+06,1.051000000000000000e+03
3.421060000000000000e+06,1.053000000000000000e+03
3.421996000000000000e+06,1.010000000000000000e+03
3.422932000000000000e+06,1.044000000000000000e+03
3.423864000000000000e+06,1.029000000000000000e+03
3.424800000000000000e+06,1.064000000000000000e+03
3.425736000000000000e+06,1.065000000000000000e+03
3.426672000000000000e+06,1.051000000000000000e+03
3.427604000000000000e+06,1.021000000000000000e+03
3.428540000000000000e+06,1.040000000000000000e+03
3.429476000000000000e+06,1.044000000000000000e+03
3.430416000000000000e+06,1.060000000000000000e+03
3.431344000000000000e+06,1.066000000000000000e+03
3.432280000000000000e+06,1.066000000000000000e+03
3.433216000000000000e+06,1.025000000000000000e+03
3.434152000000000000e+06,1.055000000000000000e+03
3.435084000000000000e+06,1.037000000000000000e+03
3.436020000000000000e+06,1.050000000000000000e+03
3.436956000000000000e+06,1.057000000000000000e+03
3.437892000000000000e+06,1.032000000000000000e+03
3.438824000000000000e+06,1.068000000000000000e+03
3.439760000000000000e+06,1.048000000000000000e+03
3.440696000000000000e+06,1.070000000000000000e+03
3.441632000000000000e+06,1.047000000000000000e+03
3.442564000000000000e+06,1.066000000000000000e+03
3.443500000000000000e+06,1.023000000000000000e+03
3.444436000000000000e+06,1.056000000000000000e+03
3.445372000000000000e+06,1.050000000000000000e+03
3.446304000000000000e+06,1.036000000000000000e+03
3.447240000000000000e+06,1.042000000000000000e+03
3.448176000000000000e+06,1.066000000000000000e+03
3.449112000000000000e+06,1.026000000000000000e+03
3.450044000000000000e+06,1.019000000000000000e+03
3.450980000000000000e+06,1.030000000000000000e+03
3.451920000000000000e+06,1.059000000000000000e+03
3.452852000000000000e+06,1.023000000000000000e+03
3.453784000000000000e+06,1.027000000000000000e+03
3.454720000000000000e+06,1.069000000000000000e+03
3.455656000000000000e+06,1.046000000000000000e+03
3.456592000000000000e+06,1.025000000000000000e+03
3.457524000000000000e+06,1.041000000000000000e+03
3.458460000000000000e+06,1.071000000000000000e+03
3.459396000000000000e+06,1.069000000000000000e+03
3.460332000000000000e+06,1.007000000000000000e+03
3.461264000000000000e+06,1.101000000000000000e+03
3.462200000000000000e+06,1.103000000000000000e+03
3.463136000000000000e+06,1.210000000000000000e+03
3.464072000000000000e+06,1.124000000000000000e+03
3.465004000000000000e+06,1.052000000000000000e+03
3.465940000000000000e+06,1.030000000000000000e+03
3.466876000000000000e+06,1.114000000000000000e+03
3.467812000000000000e+06,1.108000000000000000e+03
3.468744000000000000e+06,1.065000000000000000e+03
3.469680000000000000e+06,1.069000000000000000e+03
3.470616000000000000e+06,1.034000000000000000e+03
3.471552000000000000e+06,9.540000000000000000e+02
3.472484000000000000e+06,9.490000000000000000e+02
3.473428000000000000e+06,9.700000000000000000e+02
3.474356000000000000e+06,9.890000000000000000e+02
3.475292000000000000e+06,1.054000000000000000e+03
3.476224000000000000e+06,1.043000000000000000e+03
3.477160000000000000e+06,1.027000000000000000e+03
3.478096000000000000e+06,1.060000000000000000e+03
3.479032000000000000e+06,1.072000000000000000e+03
3.479964000000000000e+06,1.067000000000000000e+03
3.480900000000000000e+06,1.077000000000000000e+03
3.481836000000000000e+06,1.080000000000000000e+03
3.482772000000000000e+06,1.072000000000000000e+03
3.483704000000000000e+06,1.063000000000000000e+03
3.484640000000000000e+06,1.073000000000000000e+03
3.485576000000000000e+06,1.046000000000000000e+03
3.486512000000000000e+06,1.067000000000000000e+03
3.487444000000000000e+06,1.028000000000000000e+03
3.488380000000000000e+06,1.058000000000000000e+03
3.489316000000000000e+06,1.061000000000000000e+03
3.490252000000000000e+06,1.079000000000000000e+03
3.491184000000000000e+06,1.091000000000000000e+03
3.492120000000000000e+06,1.051000000000000000e+03
3.493056000000000000e+06,1.068000000000000000e+03
3.493992000000000000e+06,1.048000000000000000e+03
3.494932000000000000e+06,1.036000000000000000e+03
3.495860000000000000e+06,1.029000000000000000e+03
3.497732000000000000e+06,1.015000000000000000e+03
3.498664000000000000e+06,1.025000000000000000e+03
3.499600000000000000e+06,1.062000000000000000e+03
3.500536000000000000e+06,1.030000000000000000e+03
3.501472000000000000e+06,1.033000000000000000e+03
3.502404000000000000e+06,1.027000000000000000e+03
3.503340000000000000e+06,1.063000000000000000e+03
3.504276000000000000e+06,1.052000000000000000e+03
3.505212000000000000e+06,1.039000000000000000e+03
3.506144000000000000e+06,1.068000000000000000e+03
3.507080000000000000e+06,1.080000000000000000e+03
3.508016000000000000e+06,1.079000000000000000e+03
3.508952000000000000e+06,1.065000000000000000e+03
3.509884000000000000e+06,1.095000000000000000e+03
3.510820000000000000e+06,1.096000000000000000e+03
3.511756000000000000e+06,1.097000000000000000e+03
3.512692000000000000e+06,1.073000000000000000e+03
3.513624000000000000e+06,1.027000000000000000e+03
3.514560000000000000e+06,1.054000000000000000e+03
3.515496000000000000e+06,1.007000000000000000e+03
3.516436000000000000e+06,1.019000000000000000e+03
3.517364000000000000e+06,1.009000000000000000e+03
3.518300000000000000e+06,1.021000000000000000e+03
3.519236000000000000e+06,1.024000000000000000e+03
3.520172000000000000e+06,1.020000000000000000e+03
3.521104000000000000e+06,1.071000000000000000e+03
3.522040000000000000e+06,1.048000000000000000e+03
3.522976000000000000e+06,1.081000000000000000e+03
3.523912000000000000e+06,1.093000000000000000e+03
3.524844000000000000e+06,1.066000000000000000e+03
3.525780000000000000e+06,1.097000000000000000e+03
3.526716000000000000e+06,1.070000000000000000e+03
3.527652000000000000e+06,1.092000000000000000e+03
3.528584000000000000e+06,1.092000000000000000e+03
3.529520000000000000e+06,1.083000000000000000e+03
3.530456000000000000e+06,1.104000000000000000e+03
3.531392000000000000e+06,1.004000000000000000e+03
3.532324000000000000e+06,9.830000000000000000e+02
3.533260000000000000e+06,9.980000000000000000e+02
3.534196000000000000e+06,1.022000000000000000e+03
3.535132000000000000e+06,1.004000000000000000e+03
3.536064000000000000e+06,1.003000000000000000e+03
3.537000000000000000e+06,1.014000000000000000e+03
3.537940000000000000e+06,1.014000000000000000e+03
3.538872000000000000e+06,1.062000000000000000e+03
3.539804000000000000e+06,1.034000000000000000e+03
3.540740000000000000e+06,1.038000000000000000e+03
3.542612000000000000e+06,1.071000000000000000e+03
3.543544000000000000e+06,1.080000000000000000e+03
3.544480000000000000e+06,1.080000000000000000e+03
3.545416000000000000e+06,1.115000000000000000e+03
3.546352000000000000e+06,1.061000000000000000e+03
3.547284000000000000e+06,1.022000000000000000e+03
3.548220000000000000e+06,1.012000000000000000e+03
3.549156000000000000e+06,1.013000000000000000e+03
3.550092000000000000e+06,1.008000000000000000e+03
3.551024000000000000e+06,1.018000000000000000e+03
3.551960000000000000e+06,1.007000000000000000e+03
3.552896000000000000e+06,1.008000000000000000e+03
3.553832000000000000e+06,1.008000000000000000e+03
3.554764000000000000e+06,1.043000000000000000e+03
3.555700000000000000e+06,1.075000000000000000e+03
3.556636000000000000e+06,1.035000000000000000e+03
3.557572000000000000e+06,1.080000000000000000e+03
3.558504000000000000e+06,1.081000000000000000e+03
3.559444000000000000e+06,1.068000000000000000e+03
3.560376000000000000e+06,1.117000000000000000e+03
3.561312000000000000e+06,1.099000000000000000e+03
3.562244000000000000e+06,1.077000000000000000e+03
3.563180000000000000e+06,1.058000000000000000e+03
3.564116000000000000e+06,1.054000000000000000e+03
3.565052000000000000e+06,1.058000000000000000e+03
3.565984000000000000e+06,1.020000000000000000e+03
3.566920000000000000e+06,1.018000000000000000e+03
3.567856000000000000e+06,1.014000000000000000e+03
3.568792000000000000e+06,1.035000000000000000e+03
3.569724000000000000e+06,9.710000000000000000e+02
3.570660000000000000e+06,9.890000000000000000e+02
3.571596000000000000e+06,1.044000000000000000e+03
3.572532000000000000e+06,1.059000000000000000e+03
3.573464000000000000e+06,1.069000000000000000e+03
3.574400000000000000e+06,1.070000000000000000e+03
3.575336000000000000e+06,1.068000000000000000e+03
3.576272000000000000e+06,1.059000000000000000e+03
3.577204000000000000e+06,1.080000000000000000e+03
3.578140000000000000e+06,1.052000000000000000e+03
3.579076000000000000e+06,1.061000000000000000e+03
3.580012000000000000e+06,1.020000000000000000e+03
3.580948000000000000e+06,1.047000000000000000e+03
3.581880000000000000e+06,1.038000000000000000e+03
3.582816000000000000e+06,1.077000000000000000e+03
3.583752000000000000e+06,1.040000000000000000e+03
3.584684000000000000e+06,1.030000000000000000e+03
3.585620000000000000e+06,1.058000000000000000e+03
3.586556000000000000e+06,1.053000000000000000e+03
3.587492000000000000e+06,1.029000000000000000e+03
3.588424000000000000e+06,1.061000000000000000e+03
3.589360000000000000e+06,1.038000000000000000e+03
3.590296000000000000e+06,1.005000000000000000e+03
3.591232000000000000e+06,1.043000000000000000e+03
3.592164000000000000e+06,1.046000000000000000e+03
3.593100000000000000e+06,1.043000000000000000e+03
3.594036000000000000e+06,1.011000000000000000e+03
3.594972000000000000e+06,1.023000000000000000e+03
3.595904000000000000e+06,1.052000000000000000e+03
3.596840000000000000e+06,1.081000000000000000e+03
3.597776000000000000e+06,1.051000000000000000e+03
3.598712000000000000e+06,1.035000000000000000e+03
3.599644000000000000e+06,1.078000000000000000e+03
3.600580000000000000e+06,1.060000000000000000e+03
3.601516000000000000e+06,1.047000000000000000e+03
3.602452000000000000e+06,1.074000000000000000e+03
3.603384000000000000e+06,1.076000000000000000e+03
3.604320000000000000e+06,1.085000000000000000e+03
3.605256000000000000e+06,1.082000000000000000e+03
3.606192000000000000e+06,1.035000000000000000e+03
3.608060000000000000e+06,1.045000000000000000e+03
3.608996000000000000e+06,1.041000000000000000e+03
3.609932000000000000e+06,1.087000000000000000e+03
3.610864000000000000e+06,9.850000000000000000e+02
3.611800000000000000e+06,1.010000000000000000e+03
3.612736000000000000e+06,1.035000000000000000e+03
3.613672000000000000e+06,1.023000000000000000e+03
3.614604000000000000e+06,1.077000000000000000e+03
3.615540000000000000e+06,1.055000000000000000e+03
3.616476000000000000e+06,1.034000000000000000e+03
3.617412000000000000e+06,1.072000000000000000e+03
3.618344000000000000e+06,1.068000000000000000e+03
3.619280000000000000e+06,1.081000000000000000e+03
3.620216000000000000e+06,1.002000000000000000e+03
3.621152000000000000e+06,1.069000000000000000e+03
3.622084000000000000e+06,1.068000000000000000e+03
3.623020000000000000e+06,1.024000000000000000e+03
3.623956000000000000e+06,1.022000000000000000e+03
3.624892000000000000e+06,1.032000000000000000e+03
3.625824000000000000e+06,1.058000000000000000e+03
3.626760000000000000e+06,1.047000000000000000e+03
3.627696000000000000e+06,1.027000000000000000e+03
3.628632000000000000e+06,1.009000000000000000e+03
3.629564000000000000e+06,1.061000000000000000e+03
3.630500000000000000e+06,1.057000000000000000e+03
3.631436000000000000e+06,1.048000000000000000e+03
3.632372000000000000e+06,1.060000000000000000e+03
3.633304000000000000e+06,1.067000000000000000e+03
3.634240000000000000e+06,1.069000000000000000e+03
3.635176000000000000e+06,1.034000000000000000e+03
3.636112000000000000e+06,1.056000000000000000e+03
3.637044000000000000e+06,1.041000000000000000e+03
3.637980000000000000e+06,1.051000000000000000e+03
3.638916000000000000e+06,1.063000000000000000e+03
3.639852000000000000e+06,1.012000000000000000e+03
3.640784000000000000e+06,1.084000000000000000e+03
3.641720000000000000e+06,1.085000000000000000e+03
3.642656000000000000e+06,1.051000000000000000e+03
3.643592000000000000e+06,1.015000000000000000e+03
3.644524000000000000e+06,1.074000000000000000e+03
3.645460000000000000e+06,1.066000000000000000e+03
3.646396000000000000e+06,1.047000000000000000e+03
3.647332000000000000e+06,1.048000000000000000e+03
3.648264000000000000e+06,1.045000000000000000e+03
3.649200000000000000e+06,9.920000000000000000e+02
3.650136000000000000e+06,1.017000000000000000e+03
3.651072000000000000e+06,1.070000000000000000e+03
3.652004000000000000e+06,1.068000000000000000e+03
3.652940000000000000e+06,1.050000000000000000e+03
3.653876000000000000e+06,1.060000000000000000e+03
3.654812000000000000e+06,1.036000000000000000e+03
3.655744000000000000e+06,1.070000000000000000e+03
3.656680000000000000e+06,1.081000000000000000e+03
3.657616000000000000e+06,1.042000000000000000e+03
3.658552000000000000e+06,1.047000000000000000e+03
3.659484000000000000e+06,1.051000000000000000e+03
3.660420000000000000e+06,1.060000000000000000e+03
3.661356000000000000e+06,1.087000000000000000e+03
3.662292000000000000e+06,1.039000000000000000e+03
3.663224000000000000e+06,1.047000000000000000e+03
3.664160000000000000e+06,1.026000000000000000e+03
3.665096000000000000e+06,1.012000000000000000e+03
3.666032000000000000e+06,1.030000000000000000e+03
3.666964000000000000e+06,9.920000000000000000e+02
3.667900000000000000e+06,1.032000000000000000e+03
3.668836000000000000e+06,1.043000000000000000e+03
3.669772000000000000e+06,1.007000000000000000e+03
3.670704000000000000e+06,1.019000000000000000e+03
3.671640000000000000e+06,1.074000000000000000e+03
3.673512000000000000e+06,1.067000000000000000e+03
3.674444000000000000e+06,1.041000000000000000e+03
3.675380000000000000e+06,1.087000000000000000e+03
3.676316000000000000e+06,1.073000000000000000e+03
3.677252000000000000e+06,1.059000000000000000e+03
3.678184000000000000e+06,1.039000000000000000e+03
3.679120000000000000e+06,1.055000000000000000e+03
3.680056000000000000e+06,1.031000000000000000e+03
3.680992000000000000e+06,1.009000000000000000e+03
3.681924000000000000e+06,1.020000000000000000e+03
3.682860000000000000e+06,1.068000000000000000e+03
3.683796000000000000e+06,1.067000000000000000e+03
3.684732000000000000e+06,1.038000000000000000e+03
3.685664000000000000e+06,1.038000000000000000e+03
3.686600000000000000e+06,1.028000000000000000e+03
3.687536000000000000e+06,1.047000000000000000e+03
3.688472000000000000e+06,1.066000000000000000e+03
3.689404000000000000e+06,1.058000000000000000e+03
3.690340000000000000e+06,1.021000000000000000e+03
3.691276000000000000e+06,1.023000000000000000e+03
3.692212000000000000e+06,1.024000000000000000e+03
3.693144000000000000e+06,1.020000000000000000e+03
3.694080000000000000e+06,1.046000000000000000e+03
3.695016000000000000e+06,1.021000000000000000e+03
3.695952000000000000e+06,1.018000000000000000e+03
3.696884000000000000e+06,1.054000000000000000e+03
3.697820000000000000e+06,1.057000000000000000e+03
3.698756000000000000e+06,1.041000000000000000e+03
3.699692000000000000e+06,1.068000000000000000e+03
3.700624000000000000e+06,1.074000000000000000e+03
3.701560000000000000e+06,1.030000000000000000e+03
3.702496000000000000e+06,1.079000000000000000e+03
3.703432000000000000e+06,1.038000000000000000e+03
3.704364000000000000e+06,1.030000000000000000e+03
3.705300000000000000e+06,1.083000000000000000e+03
3.706236000000000000e+06,1.046000000000000000e+03
3.707172000000000000e+06,1.061000000000000000e+03
3.708104000000000000e+06,1.051000000000000000e+03
3.709040000000000000e+06,1.033000000000000000e+03
3.709976000000000000e+06,9.840000000000000000e+02
3.710912000000000000e+06,1.022000000000000000e+03
3.711844000000000000e+06,1.047000000000000000e+03
3.712780000000000000e+06,1.021000000000000000e+03
3.713716000000000000e+06,1.050000000000000000e+03
3.714652000000000000e+06,1.044000000000000000e+03
3.715584000000000000e+06,1.049000000000000000e+03
3.716520000000000000e+06,1.029000000000000000e+03
3.717456000000000000e+06,1.059000000000000000e+03
3.718392000000000000e+06,1.021000000000000000e+03
3.719324000000000000e+06,1.051000000000000000e+03
3.720260000000000000e+06,1.012000000000000000e+03
3.721196000000000000e+06,1.081000000000000000e+03
3.722132000000000000e+06,1.085000000000000000e+03
3.723064000000000000e+06,1.049000000000000000e+03
3.724000000000000000e+06,1.078000000000000000e+03
3.724936000000000000e+06,1.054000000000000000e+03
3.725872000000000000e+06,1.064000000000000000e+03
3.726804000000000000e+06,1.015000000000000000e+03
3.727740000000000000e+06,1.015000000000000000e+03
3.728676000000000000e+06,9.820000000000000000e+02
3.729612000000000000e+06,1.008000000000000000e+03
3.730544000000000000e+06,1.004000000000000000e+03
3.731480000000000000e+06,1.026000000000000000e+03
3.732416000000000000e+06,1.020000000000000000e+03
3.733352000000000000e+06,1.049000000000000000e+03
3.734284000000000000e+06,1.071000000000000000e+03
3.735220000000000000e+06,1.059000000000000000e+03
3.736156000000000000e+06,1.019000000000000000e+03
3.737092000000000000e+06,1.063000000000000000e+03
3.738024000000000000e+06,1.033000000000000000e+03
3.738960000000000000e+06,1.051000000000000000e+03
3.739896000000000000e+06,1.070000000000000000e+03
3.740832000000000000e+06,1.059000000000000000e+03
3.741764000000000000e+06,1.067000000000000000e+03
3.742700000000000000e+06,1.056000000000000000e+03
3.743636000000000000e+06,1.041000000000000000e+03
3.744572000000000000e+06,1.052000000000000000e+03
3.745504000000000000e+06,1.071000000000000000e+03
3.746440000000000000e+06,1.055000000000000000e+03
3.747376000000000000e+06,1.049000000000000000e+03
3.748312000000000000e+06,1.053000000000000000e+03
3.749244000000000000e+06,1.074000000000000000e+03
3.750180000000000000e+06,1.042000000000000000e+03
3.751116000000000000e+06,9.810000000000000000e+02
3.752052000000000000e+06,9.920000000000000000e+02
3.752984000000000000e+06,1.036000000000000000e+03
3.753920000000000000e+06,1.046000000000000000e+03
3.754856000000000000e+06,1.057000000000000000e+03
3.755792000000000000e+06,1.027000000000000000e+03
3.756724000000000000e+06,1.037000000000000000e+03
3.757660000000000000e+06,1.040000000000000000e+03
3.758596000000000000e+06,1.046000000000000000e+03
3.759532000000000000e+06,1.006000000000000000e+03
3.760464000000000000e+06,1.016000000000000000e+03
3.761400000000000000e+06,1.054000000000000000e+03
3.762336000000000000e+06,1.029000000000000000e+03
3.763272000000000000e+06,1.055000000000000000e+03
3.764204000000000000e+06,1.047000000000000000e+03
3.765140000000000000e+06,1.051000000000000000e+03
3.766076000000000000e+06,1.040000000000000000e+03
3.767012000000000000e+06,1.050000000000000000e+03
3.767944000000000000e+06,1.041000000000000000e+03
3.768880000000000000e+06,1.089000000000000000e+03
3.769816000000000000e+06,1.045000000000000000e+03
3.770752000000000000e+06,1.088000000000000000e+03
3.771684000000000000e+06,1.063000000000000000e+03
3.772620000000000000e+06,1.043000000000000000e+03
3.773556000000000000e+06,1.026000000000000000e+03
3.774492000000000000e+06,1.048000000000000000e+03
3.775424000000000000e+06,1.073000000000000000e+03
3.776360000000000000e+06,1.032000000000000000e+03
3.777296000000000000e+06,1.063000000000000000e+03
3.778232000000000000e+06,1.062000000000000000e+03
3.779164000000000000e+06,1.017000000000000000e+03
3.780100000000000000e+06,9.770000000000000000e+02
3.781036000000000000e+06,1.006000000000000000e+03
3.781972000000000000e+06,1.064000000000000000e+03
3.782904000000000000e+06,1.051000000000000000e+03
3.783840000000000000e+06,1.063000000000000000e+03
3.784776000000000000e+06,1.057000000000000000e+03
3.785712000000000000e+06,1.041000000000000000e+03
3.786644000000000000e+06,1.065000000000000000e+03
3.787580000000000000e+06,1.053000000000000000e+03
3.788516000000000000e+06,1.041000000000000000e+03
3.789452000000000000e+06,1.065000000000000000e+03
3.790384000000000000e+06,1.049000000000000000e+03
3.791320000000000000e+06,1.079000000000000000e+03
3.792256000000000000e+06,1.042000000000000000e+03
3.793192000000000000e+06,1.035000000000000000e+03
3.794124000000000000e+06,1.035000000000000000e+03
3.795060000000000000e+06,1.016000000000000000e+03
3.795996000000000000e+06,1.015000000000000000e+03
3.796932000000000000e+06,1.050000000000000000e+03
3.797864000000000000e+06,1.068000000000000000e+03
3.798800000000000000e+06,1.048000000000000000e+03
3.799736000000000000e+06,1.008000000000000000e+03
3.800672000000000000e+06,1.030000000000000000e+03
3.801604000000000000e+06,1.051000000000000000e+03
3.802540000000000000e+06,1.060000000000000000e+03
3.803476000000000000e+06,1.049000000000000000e+03
3.804412000000000000e+06,1.073000000000000000e+03
3.805344000000000000e+06,1.078000000000000000e+03
3.806280000000000000e+06,1.036000000000000000e+03
3.807216000000000000e+06,1.069000000000000000e+03
3.808152000000000000e+06,1.075000000000000000e+03
3.809084000000000000e+06,1.045000000000000000e+03
3.810020000000000000e+06,1.004000000000000000e+03
3.810956000000000000e+06,1.035000000000000000e+03
3.811892000000000000e+06,1.077000000000000000e+03
3.812824000000000000e+06,1.040000000000000000e+03
3.813760000000000000e+06,1.020000000000000000e+03
3.814696000000000000e+06,1.034000000000000000e+03
3.815632000000000000e+06,1.036000000000000000e+03
3.816564000000000000e+06,1.065000000000000000e+03
3.817500000000000000e+06,1.058000000000000000e+03
3.818436000000000000e+06,1.055000000000000000e+03
3.819372000000000000e+06,1.052000000000000000e+03
3.820304000000000000e+06,1.094000000000000000e+03
3.821240000000000000e+06,1.041000000000000000e+03
3.822176000000000000e+06,1.049000000000000000e+03
3.823112000000000000e+06,1.051000000000000000e+03
3.824044000000000000e+06,1.022000000000000000e+03
3.824980000000000000e+06,1.041000000000000000e+03
3.825916000000000000e+06,1.071000000000000000e+03
3.826852000000000000e+06,1.068000000000000000e+03
3.827784000000000000e+06,1.041000000000000000e+03
3.828720000000000000e+06,1.025000000000000000e+03
3.829656000000000000e+06,9.780000000000000000e+02
3.830592000000000000e+06,9.990000000000000000e+02
3.831524000000000000e+06,1.048000000000000000e+03
3.832460000000000000e+06,1.045000000000000000e+03
3.833396000000000000e+06,1.065000000000000000e+03
3.834332000000000000e+06,1.053000000000000000e+03
3.835264000000000000e+06,1.024000000000000000e+03
3.836200000000000000e+06,1.031000000000000000e+03
3.837136000000000000e+06,1.066000000000000000e+03
3.838072000000000000e+06,1.054000000000000000e+03
3.839004000000000000e+06,1.076000000000000000e+03
3.839940000000000000e+06,1.043000000000000000e+03
3.840876000000000000e+06,1.027000000000000000e+03
3.841812000000000000e+06,1.026000000000000000e+03
3.842744000000000000e+06,1.041000000000000000e+03
3.843680000000000000e+06,1.063000000000000000e+03
3.844616000000000000e+06,1.041000000000000000e+03
3.845552000000000000e+06,1.035000000000000000e+03
3.846484000000000000e+06,1.012000000000000000e+03
3.847420000000000000e+06,1.039000000000000000e+03
3.848356000000000000e+06,1.033000000000000000e+03
3.849292000000000000e+06,1.045000000000000000e+03
3.850224000000000000e+06,1.034000000000000000e+03
3.851160000000000000e+06,1.045000000000000000e+03
3.852096000000000000e+06,1.080000000000000000e+03
3.853032000000000000e+06,1.037000000000000000e+03
3.853964000000000000e+06,1.070000000000000000e+03
3.854900000000000000e+06,1.008000000000000000e+03
3.855836000000000000e+06,1.052000000000000000e+03
3.856772000000000000e+06,1.064000000000000000e+03
3.857704000000000000e+06,1.051000000000000000e+03
3.858640000000000000e+06,1.031000000000000000e+03
3.859576000000000000e+06,9.880000000000000000e+02
3.860512000000000000e+06,1.035000000000000000e+03
3.861444000000000000e+06,1.044000000000000000e+03
3.862380000000000000e+06,1.034000000000000000e+03
3.863316000000000000e+06,1.043000000000000000e+03
3.864252000000000000e+06,1.047000000000000000e+03
3.865184000000000000e+06,1.063000000000000000e+03
3.866120000000000000e+06,1.023000000000000000e+03
3.867056000000000000e+06,1.061000000000000000e+03
3.867992000000000000e+06,1.070000000000000000e+03
3.868924000000000000e+06,1.053000000000000000e+03
3.869860000000000000e+06,1.041000000000000000e+03
3.870796000000000000e+06,1.044000000000000000e+03
3.871732000000000000e+06,1.055000000000000000e+03
3.872664000000000000e+06,1.039000000000000000e+03
3.873600000000000000e+06,1.071000000000000000e+03
3.874536000000000000e+06,1.052000000000000000e+03
3.875472000000000000e+06,1.048000000000000000e+03
3.876404000000000000e+06,1.009000000000000000e+03
3.877340000000000000e+06,1.053000000000000000e+03
3.878276000000000000e+06,1.023000000000000000e+03
3.879212000000000000e+06,1.007000000000000000e+03
3.880144000000000000e+06,1.000000000000000000e+03
3.881080000000000000e+06,1.044000000000000000e+03
3.882016000000000000e+06,1.016000000000000000e+03
3.882952000000000000e+06,1.056000000000000000e+03
3.883884000000000000e+06,1.043000000000000000e+03
3.884820000000000000e+06,1.023000000000000000e+03
3.885756000000000000e+06,1.064000000000000000e+03
3.886692000000000000e+06,1.047000000000000000e+03
3.887624000000000000e+06,1.060000000000000000e+03
3.888560000000000000e+06,1.041000000000000000e+03
3.889496000000000000e+06,1.088000000000000000e+03
3.890432000000000000e+06,1.069000000000000000e+03
3.891364000000000000e+06,1.058000000000000000e+03
3.892300000000000000e+06,1.028000000000000000e+03
3.893236000000000000e+06,1.026000000000000000e+03
3.894172000000000000e+06,1.067000000000000000e+03
3.895104000000000000e+06,1.066000000000000000e+03
3.896040000000000000e+06,1.062000000000000000e+03
3.896976000000000000e+06,1.011000000000000000e+03
3.897912000000000000e+06,1.044000000000000000e+03
3.898844000000000000e+06,1.051000000000000000e+03
3.899780000000000000e+06,9.890000000000000000e+02
3.900716000000000000e+06,1.032000000000000000e+03
3.901652000000000000e+06,1.059000000000000000e+03
3.902584000000000000e+06,1.052000000000000000e+03
3.903520000000000000e+06,1.070000000000000000e+03
3.904456000000000000e+06,1.077000000000000000e+03
3.905392000000000000e+06,1.043000000000000000e+03
3.906324000000000000e+06,1.083000000000000000e+03
3.907260000000000000e+06,1.070000000000000000e+03
3.908196000000000000e+06,1.021000000000000000e+03
3.909132000000000000e+06,1.043000000000000000e+03
3.910064000000000000e+06,1.023000000000000000e+03
3.911000000000000000e+06,1.017000000000000000e+03
3.911936000000000000e+06,1.011000000000000000e+03
3.912872000000000000e+06,1.040000000000000000e+03
3.913804000000000000e+06,1.049000000000000000e+03
3.914740000000000000e+06,1.065000000000000000e+03
3.915676000000000000e+06,1.044000000000000000e+03
3.916612000000000000e+06,1.065000000000000000e+03
3.917544000000000000e+06,1.029000000000000000e+03
3.918480000000000000e+06,1.049000000000000000e+03
3.919416000000000000e+06,1.038000000000000000e+03
3.920352000000000000e+06,1.052000000000000000e+03
3.921284000000000000e+06,1.052000000000000000e+03
3.922220000000000000e+06,1.051000000000000000e+03
3.923156000000000000e+06,1.088000000000000000e+03
3.924092000000000000e+06,1.068000000000000000e+03
3.925024000000000000e+06,1.031000000000000000e+03
3.925960000000000000e+06,1.059000000000000000e+03
3.926896000000000000e+06,1.051000000000000000e+03
3.927832000000000000e+06,1.053000000000000000e+03
3.928764000000000000e+06,1.015000000000000000e+03
3.929700000000000000e+06,1.039000000000000000e+03
3.930636000000000000e+06,1.019000000000000000e+03
3.931572000000000000e+06,1.016000000000000000e+03
3.932504000000000000e+06,1.052000000000000000e+03
3.933440000000000000e+06,1.054000000000000000e+03
3.934376000000000000e+06,1.022000000000000000e+03
3.935312000000000000e+06,1.056000000000000000e+03
3.936244000000000000e+06,1.023000000000000000e+03
3.937180000000000000e+06,1.073000000000000000e+03
3.938116000000000000e+06,1.063000000000000000e+03
3.939052000000000000e+06,1.050000000000000000e+03
3.939984000000000000e+06,9.880000000000000000e+02
3.940920000000000000e+06,1.039000000000000000e+03
3.941856000000000000e+06,1.042000000000000000e+03
3.942792000000000000e+06,1.063000000000000000e+03
3.943724000000000000e+06,1.040000000000000000e+03
3.944660000000000000e+06,1.037000000000000000e+03
3.945596000000000000e+06,1.047000000000000000e+03
3.946532000000000000e+06,1.051000000000000000e+03
3.947464000000000000e+06,1.090000000000000000e+03
3.948400000000000000e+06,1.063000000000000000e+03
3.949336000000000000e+06,1.070000000000000000e+03
3.950272000000000000e+06,1.040000000000000000e+03
3.951204000000000000e+06,1.046000000000000000e+03
3.952140000000000000e+06,1.009000000000000000e+03
3.953076000000000000e+06,1.023000000000000000e+03
3.954012000000000000e+06,1.049000000000000000e+03
3.954944000000000000e+06,1.036000000000000000e+03
3.955880000000000000e+06,1.030000000000000000e+03
3.956816000000000000e+06,1.016000000000000000e+03
3.957752000000000000e+06,1.007000000000000000e+03
3.958684000000000000e+06,1.029000000000000000e+03
3.959620000000000000e+06,1.018000000000000000e+03
3.960556000000000000e+06,1.047000000000000000e+03
3.961492000000000000e+06,1.082000000000000000e+03
3.962424000000000000e+06,1.071000000000000000e+03
3.963360000000000000e+06,1.053000000000000000e+03
3.964296000000000000e+06,1.037000000000000000e+03
3.965232000000000000e+06,1.090000000000000000e+03
3.966164000000000000e+06,1.090000000000000000e+03
3.967100000000000000e+06,1.045000000000000000e+03
3.968036000000000000e+06,1.062000000000000000e+03
3.968972000000000000e+06,1.004000000000000000e+03
3.969904000000000000e+06,1.001000000000000000e+03
3.970840000000000000e+06,1.014000000000000000e+03
3.971776000000000000e+06,1.057000000000000000e+03
3.972712000000000000e+06,1.029000000000000000e+03
3.973644000000000000e+06,1.031000000000000000e+03
3.974580000000000000e+06,1.037000000000000000e+03
3.975516000000000000e+06,1.018000000000000000e+03
3.976452000000000000e+06,1.038000000000000000e+03
3.977384000000000000e+06,1.064000000000000000e+03
3.978320000000000000e+06,1.069000000000000000e+03
3.979256000000000000e+06,1.048000000000000000e+03
3.980192000000000000e+06,1.043000000000000000e+03
3.981124000000000000e+06,1.038000000000000000e+03
3.982060000000000000e+06,1.019000000000000000e+03
3.982996000000000000e+06,1.035000000000000000e+03
3.983932000000000000e+06,1.025000000000000000e+03
3.984864000000000000e+06,1.036000000000000000e+03
3.985800000000000000e+06,1.019000000000000000e+03
3.986736000000000000e+06,1.043000000000000000e+03
3.987672000000000000e+06,1.070000000000000000e+03
3.988604000000000000e+06,1.028000000000000000e+03
3.989540000000000000e+06,1.037000000000000000e+03
3.990476000000000000e+06,1.058000000000000000e+03
3.991412000000000000e+06,1.071000000000000000e+03
3.992344000000000000e+06,1.082000000000000000e+03
3.993280000000000000e+06,1.089000000000000000e+03
3.994216000000000000e+06,1.060000000000000000e+03
3.995152000000000000e+06,1.064000000000000000e+03
3.996084000000000000e+06,1.077000000000000000e+03
3.997020000000000000e+06,1.032000000000000000e+03
3.997956000000000000e+06,1.053000000000000000e+03
3.998892000000000000e+06,1.035000000000000000e+03
3.999824000000000000e+06,1.003000000000000000e+03
4.000760000000000000e+06,1.011000000000000000e+03
4.001696000000000000e+06,1.054000000000000000e+03
4.002632000000000000e+06,1.055000000000000000e+03
4.003564000000000000e+06,1.075000000000000000e+03
4.004500000000000000e+06,1.056000000000000000e+03
4.005436000000000000e+06,1.037000000000000000e+03
4.006372000000000000e+06,1.036000000000000000e+03
4.007304000000000000e+06,1.051000000000000000e+03
4.008240000000000000e+06,1.065000000000000000e+03
4.009176000000000000e+06,1.017000000000000000e+03
4.010112000000000000e+06,1.043000000000000000e+03
4.011044000000000000e+06,1.035000000000000000e+03
4.011980000000000000e+06,1.021000000000000000e+03
4.012916000000000000e+06,1.048000000000000000e+03
4.013852000000000000e+06,1.026000000000000000e+03
4.014784000000000000e+06,1.037000000000000000e+03
4.015720000000000000e+06,1.045000000000000000e+03
4.016656000000000000e+06,1.025000000000000000e+03
4.017592000000000000e+06,1.031000000000000000e+03
4.018524000000000000e+06,1.048000000000000000e+03
4.019460000000000000e+06,1.053000000000000000e+03
4.020396000000000000e+06,1.038000000000000000e+03
4.021332000000000000e+06,1.037000000000000000e+03
4.022264000000000000e+06,1.017000000000000000e+03
4.023200000000000000e+06,1.020000000000000000e+03
4.024136000000000000e+06,1.037000000000000000e+03
4.025072000000000000e+06,1.066000000000000000e+03
4.026004000000000000e+06,1.061000000000000000e+03
4.026940000000000000e+06,1.059000000000000000e+03
4.027876000000000000e+06,1.045000000000000000e+03
4.028812000000000000e+06,1.008000000000000000e+03
4.029744000000000000e+06,1.039000000000000000e+03
4.030680000000000000e+06,1.032000000000000000e+03
4.031616000000000000e+06,1.075000000000000000e+03
4.032552000000000000e+06,1.078000000000000000e+03
4.033484000000000000e+06,1.050000000000000000e+03
4.034420000000000000e+06,1.023000000000000000e+03
4.035356000000000000e+06,1.074000000000000000e+03
4.036292000000000000e+06,1.032000000000000000e+03
4.037224000000000000e+06,1.050000000000000000e+03
4.038160000000000000e+06,1.046000000000000000e+03
4.039096000000000000e+06,1.020000000000000000e+03
4.040032000000000000e+06,1.055000000000000000e+03
4.040964000000000000e+06,1.062000000000000000e+03
4.041900000000000000e+06,1.041000000000000000e+03
4.042836000000000000e+06,1.027000000000000000e+03
4.043772000000000000e+06,1.013000000000000000e+03
4.044704000000000000e+06,1.024000000000000000e+03
4.045640000000000000e+06,1.057000000000000000e+03
4.046576000000000000e+06,1.039000000000000000e+03
4.047512000000000000e+06,1.026000000000000000e+03
4.048444000000000000e+06,1.042000000000000000e+03
4.049380000000000000e+06,1.065000000000000000e+03
4.050316000000000000e+06,1.070000000000000000e+03
4.051252000000000000e+06,1.071000000000000000e+03
4.052184000000000000e+06,1.050000000000000000e+03
4.053120000000000000e+06,1.069000000000000000e+03
4.054056000000000000e+06,1.046000000000000000e+03
4.054992000000000000e+06,1.051000000000000000e+03
4.055924000000000000e+06,1.057000000000000000e+03
4.056860000000000000e+06,1.026000000000000000e+03
4.057796000000000000e+06,1.040000000000000000e+03
4.058732000000000000e+06,1.012000000000000000e+03
4.059664000000000000e+06,1.046000000000000000e+03
4.060600000000000000e+06,1.013000000000000000e+03
4.061536000000000000e+06,1.039000000000000000e+03
4.062472000000000000e+06,1.034000000000000000e+03
4.063404000000000000e+06,1.057000000000000000e+03
4.064340000000000000e+06,1.057000000000000000e+03
4.065276000000000000e+06,1.040000000000000000e+03
4.066212000000000000e+06,1.018000000000000000e+03
4.067144000000000000e+06,1.066000000000000000e+03
4.068080000000000000e+06,1.063000000000000000e+03
4.069016000000000000e+06,1.059000000000000000e+03
4.069952000000000000e+06,1.077000000000000000e+03
4.070884000000000000e+06,1.069000000000000000e+03
4.071820000000000000e+06,1.072000000000000000e+03
4.072756000000000000e+06,1.059000000000000000e+03
4.073692000000000000e+06,1.022000000000000000e+03
4.074624000000000000e+06,1.059000000000000000e+03
4.075560000000000000e+06,1.078000000000000000e+03
4.076496000000000000e+06,1.072000000000000000e+03
4.077432000000000000e+06,1.046000000000000000e+03
4.078364000000000000e+06,1.035000000000000000e+03
4.079300000000000000e+06,9.970000000000000000e+02
4.080236000000000000e+06,1.020000000000000000e+03
4.081172000000000000e+06,1.011000000000000000e+03
4.082104000000000000e+06,1.046000000000000000e+03
4.083040000000000000e+06,1.060000000000000000e+03
4.083976000000000000e+06,1.042000000000000000e+03
4.084912000000000000e+06,1.071000000000000000e+03
4.085844000000000000e+06,1.043000000000000000e+03
4.086780000000000000e+06,1.053000000000000000e+03
4.087716000000000000e+06,1.067000000000000000e+03
4.088652000000000000e+06,1.075000000000000000e+03
4.089584000000000000e+06,1.065000000000000000e+03
4.090520000000000000e+06,1.036000000000000000e+03
4.091456000000000000e+06,1.028000000000000000e+03
4.092392000000000000e+06,1.059000000000000000e+03
4.093324000000000000e+06,1.025000000000000000e+03
4.094260000000000000e+06,1.050000000000000000e+03
4.095196000000000000e+06,1.030000000000000000e+03
4.096132000000000000e+06,1.063000000000000000e+03
4.097064000000000000e+06,1.035000000000000000e+03
4.098000000000000000e+06,1.082000000000000000e+03
4.098936000000000000e+06,1.054000000000000000e+03
4.099872000000000000e+06,1.015000000000000000e+03
4.100804000000000000e+06,1.012000000000000000e+03
4.101740000000000000e+06,1.031000000000000000e+03
4.102676000000000000e+06,1.048000000000000000e+03
4.103612000000000000e+06,1.045000000000000000e+03
4.104544000000000000e+06,1.075000000000000000e+03
4.105480000000000000e+06,1.023000000000000000e+03
4.106416000000000000e+06,1.019000000000000000e+03
4.107352000000000000e+06,1.028000000000000000e+03
4.108284000000000000e+06,1.003000000000000000e+03
4.109220000000000000e+06,9.900000000000000000e+02
4.110156000000000000e+06,1.016000000000000000e+03
4.111092000000000000e+06,1.063000000000000000e+03
4.112024000000000000e+06,1.037000000000000000e+03
4.112960000000000000e+06,1.025000000000000000e+03
4.113896000000000000e+06,1.024000000000000000e+03
4.114832000000000000e+06,1.071000000000000000e+03
4.115764000000000000e+06,1.078000000000000000e+03
4.116700000000000000e+06,1.038000000000000000e+03
4.117636000000000000e+06,1.067000000000000000e+03
4.118572000000000000e+06,1.075000000000000000e+03
4.119504000000000000e+06,1.058000000000000000e+03
4.120440000000000000e+06,1.047000000000000000e+03
4.121376000000000000e+06,1.041000000000000000e+03
4.122312000000000000e+06,1.049000000000000000e+03
4.123244000000000000e+06,1.017000000000000000e+03
4.124180000000000000e+06,1.048000000000000000e+03
4.125116000000000000e+06,1.040000000000000000e+03
4.126052000000000000e+06,1.057000000000000000e+03
4.126984000000000000e+06,1.038000000000000000e+03
4.127920000000000000e+06,1.076000000000000000e+03
4.128856000000000000e+06,1.062000000000000000e+03
4.129796000000000000e+06,1.052000000000000000e+03
4.130724000000000000e+06,1.019000000000000000e+03
4.131660000000000000e+06,1.028000000000000000e+03
4.132596000000000000e+06,1.075000000000000000e+03
4.133532000000000000e+06,1.042000000000000000e+03
4.134464000000000000e+06,1.049000000000000000e+03
4.135400000000000000e+06,1.037000000000000000e+03
4.136336000000000000e+06,1.038000000000000000e+03
4.137272000000000000e+06,1.071000000000000000e+03
4.138204000000000000e+06,1.037000000000000000e+03
4.139140000000000000e+06,1.023000000000000000e+03
4.140076000000000000e+06,1.043000000000000000e+03
4.141012000000000000e+06,1.061000000000000000e+03
4.141944000000000000e+06,1.031000000000000000e+03
4.142880000000000000e+06,1.056000000000000000e+03
4.143816000000000000e+06,1.047000000000000000e+03
4.144752000000000000e+06,1.036000000000000000e+03
4.145684000000000000e+06,1.029000000000000000e+03
4.146620000000000000e+06,1.044000000000000000e+03
4.147556000000000000e+06,1.036000000000000000e+03
4.148492000000000000e+06,1.044000000000000000e+03
4.149424000000000000e+06,1.091000000000000000e+03
4.150360000000000000e+06,1.029000000000000000e+03
4.151300000000000000e+06,1.053000000000000000e+03
4.152232000000000000e+06,1.059000000000000000e+03
4.153164000000000000e+06,1.021000000000000000e+03
4.154100000000000000e+06,1.014000000000000000e+03
4.155036000000000000e+06,1.052000000000000000e+03
4.155972000000000000e+06,1.062000000000000000e+03
4.156904000000000000e+06,1.019000000000000000e+03
4.157840000000000000e+06,1.031000000000000000e+03
4.158776000000000000e+06,1.028000000000000000e+03
4.159712000000000000e+06,1.084000000000000000e+03
4.160644000000000000e+06,1.026000000000000000e+03
4.161580000000000000e+06,1.056000000000000000e+03
4.162516000000000000e+06,1.051000000000000000e+03
4.163452000000000000e+06,1.023000000000000000e+03
4.164384000000000000e+06,1.029000000000000000e+03
4.165320000000000000e+06,1.064000000000000000e+03
4.166256000000000000e+06,1.062000000000000000e+03
4.167192000000000000e+06,1.026000000000000000e+03
4.168124000000000000e+06,1.072000000000000000e+03
4.169060000000000000e+06,1.030000000000000000e+03
4.169996000000000000e+06,1.019000000000000000e+03
4.170932000000000000e+06,1.078000000000000000e+03
4.171864000000000000e+06,1.053000000000000000e+03
4.172808000000000000e+06,1.053000000000000000e+03
4.173736000000000000e+06,1.017000000000000000e+03
4.174672000000000000e+06,1.030000000000000000e+03
4.175604000000000000e+06,1.048000000000000000e+03
4.176540000000000000e+06,1.080000000000000000e+03
4.177476000000000000e+06,1.082000000000000000e+03
4.178412000000000000e+06,1.033000000000000000e+03
4.179344000000000000e+06,1.093000000000000000e+03
4.180280000000000000e+06,1.010000000000000000e+03
4.181216000000000000e+06,1.038000000000000000e+03
4.182152000000000000e+06,1.043000000000000000e+03
4.183084000000000000e+06,1.024000000000000000e+03
4.184020000000000000e+06,1.066000000000000000e+03
4.184956000000000000e+06,1.031000000000000000e+03
4.185892000000000000e+06,1.039000000000000000e+03
4.186824000000000000e+06,1.048000000000000000e+03
4.187760000000000000e+06,1.055000000000000000e+03
4.188696000000000000e+06,1.059000000000000000e+03
4.189632000000000000e+06,1.070000000000000000e+03
4.190564000000000000e+06,1.018000000000000000e+03
4.191500000000000000e+06,1.055000000000000000e+03
4.192436000000000000e+06,1.046000000000000000e+03
4.193372000000000000e+06,1.022000000000000000e+03
4.194312000000000000e+06,1.043000000000000000e+03
4.195240000000000000e+06,1.029000000000000000e+03
4.196176000000000000e+06,1.026000000000000000e+03
4.198044000000000000e+06,1.055000000000000000e+03
4.198980000000000000e+06,1.014000000000000000e+03
4.199916000000000000e+06,1.049000000000000000e+03
4.200852000000000000e+06,1.055000000000000000e+03
4.201784000000000000e+06,1.036000000000000000e+03
4.202720000000000000e+06,1.058000000000000000e+03
4.203656000000000000e+06,1.048000000000000000e+03
4.204592000000000000e+06,1.051000000000000000e+03
4.205524000000000000e+06,1.070000000000000000e+03
4.206460000000000000e+06,1.077000000000000000e+03
4.207396000000000000e+06,1.068000000000000000e+03
4.208332000000000000e+06,1.065000000000000000e+03
4.209264000000000000e+06,1.021000000000000000e+03
4.210200000000000000e+06,1.077000000000000000e+03
4.211136000000000000e+06,1.035000000000000000e+03
4.212072000000000000e+06,1.032000000000000000e+03
4.213004000000000000e+06,1.048000000000000000e+03
4.213940000000000000e+06,1.021000000000000000e+03
4.214876000000000000e+06,1.032000000000000000e+03
4.215816000000000000e+06,1.044000000000000000e+03
4.216744000000000000e+06,1.059000000000000000e+03
4.217680000000000000e+06,1.049000000000000000e+03
4.218616000000000000e+06,1.055000000000000000e+03
4.219552000000000000e+06,9.930000000000000000e+02
4.220484000000000000e+06,1.013000000000000000e+03
4.221420000000000000e+06,1.070000000000000000e+03
4.222356000000000000e+06,1.050000000000000000e+03
4.223292000000000000e+06,1.052000000000000000e+03
4.224224000000000000e+06,1.059000000000000000e+03
4.225160000000000000e+06,1.069000000000000000e+03
4.226096000000000000e+06,1.074000000000000000e+03
4.227032000000000000e+06,1.071000000000000000e+03
4.227964000000000000e+06,1.044000000000000000e+03
4.228900000000000000e+06,1.085000000000000000e+03
4.229836000000000000e+06,1.061000000000000000e+03
4.230772000000000000e+06,1.034000000000000000e+03
4.231704000000000000e+06,1.025000000000000000e+03
4.232640000000000000e+06,1.037000000000000000e+03
4.233576000000000000e+06,1.050000000000000000e+03
4.234512000000000000e+06,1.062000000000000000e+03
4.235444000000000000e+06,1.058000000000000000e+03
4.236380000000000000e+06,1.034000000000000000e+03
4.237320000000000000e+06,1.070000000000000000e+03
4.238252000000000000e+06,1.039000000000000000e+03
4.239184000000000000e+06,1.040000000000000000e+03
4.240120000000000000e+06,1.035000000000000000e+03
4.241056000000000000e+06,1.068000000000000000e+03
4.241992000000000000e+06,1.048000000000000000e+03
4.242924000000000000e+06,1.060000000000000000e+03
4.243860000000000000e+06,1.058000000000000000e+03
4.244796000000000000e+06,1.032000000000000000e+03
4.245732000000000000e+06,1.058000000000000000e+03
4.246664000000000000e+06,1.085000000000000000e+03
4.247600000000000000e+06,1.028000000000000000e+03
4.248536000000000000e+06,1.011000000000000000e+03
4.249472000000000000e+06,1.058000000000000000e+03
4.250404000000000000e+06,1.097000000000000000e+03
4.251340000000000000e+06,1.023000000000000000e+03
4.252276000000000000e+06,1.038000000000000000e+03
4.253212000000000000e+06,1.046000000000000000e+03
4.254144000000000000e+06,1.038000000000000000e+03
4.255080000000000000e+06,1.054000000000000000e+03
4.256016000000000000e+06,1.067000000000000000e+03
4.256952000000000000e+06,1.073000000000000000e+03
4.257884000000000000e+06,1.074000000000000000e+03
4.258828000000000000e+06,1.035000000000000000e+03
4.259756000000000000e+06,1.037000000000000000e+03
4.260692000000000000e+06,1.011000000000000000e+03
4.261624000000000000e+06,1.023000000000000000e+03
4.263496000000000000e+06,1.048000000000000000e+03
4.264432000000000000e+06,1.068000000000000000e+03
4.265364000000000000e+06,1.053000000000000000e+03
4.266300000000000000e+06,1.057000000000000000e+03
4.267236000000000000e+06,1.041000000000000000e+03
4.268172000000000000e+06,1.027000000000000000e+03
4.269104000000000000e+06,1.098000000000000000e+03
4.270040000000000000e+06,1.076000000000000000e+03
4.270976000000000000e+06,1.051000000000000000e+03
4.271912000000000000e+06,1.046000000000000000e+03
4.272844000000000000e+06,1.013000000000000000e+03
4.273780000000000000e+06,1.026000000000000000e+03
4.274716000000000000e+06,1.033000000000000000e+03
4.275652000000000000e+06,1.048000000000000000e+03
4.276584000000000000e+06,1.062000000000000000e+03
4.277520000000000000e+06,1.081000000000000000e+03
4.278456000000000000e+06,1.063000000000000000e+03
4.279392000000000000e+06,1.060000000000000000e+03
4.280332000000000000e+06,1.047000000000000000e+03
4.281260000000000000e+06,1.055000000000000000e+03
4.282196000000000000e+06,1.070000000000000000e+03
4.283132000000000000e+06,1.059000000000000000e+03
4.284064000000000000e+06,1.027000000000000000e+03
4.285000000000000000e+06,1.027000000000000000e+03
4.285936000000000000e+06,1.056000000000000000e+03
4.286872000000000000e+06,1.037000000000000000e+03
4.287804000000000000e+06,1.050000000000000000e+03
4.288740000000000000e+06,1.026000000000000000e+03
4.289676000000000000e+06,1.064000000000000000e+03
4.290612000000000000e+06,1.053000000000000000e+03
4.291544000000000000e+06,1.039000000000000000e+03
4.292480000000000000e+06,1.081000000000000000e+03
4.293416000000000000e+06,1.029000000000000000e+03
4.294352000000000000e+06,1.055000000000000000e+03
4.295284000000000000e+06,1.061000000000000000e+03
4.296220000000000000e+06,1.071000000000000000e+03
4.297156000000000000e+06,1.069000000000000000e+03
4.298092000000000000e+06,1.072000000000000000e+03
4.299024000000000000e+06,9.850000000000000000e+02
4.299960000000000000e+06,1.025000000000000000e+03
4.300896000000000000e+06,1.061000000000000000e+03
4.301836000000000000e+06,1.039000000000000000e+03
4.302764000000000000e+06,1.041000000000000000e+03
4.303700000000000000e+06,1.072000000000000000e+03
4.304636000000000000e+06,1.053000000000000000e+03
4.305572000000000000e+06,1.028000000000000000e+03
4.306504000000000000e+06,1.040000000000000000e+03
4.307440000000000000e+06,1.055000000000000000e+03
4.308376000000000000e+06,1.016000000000000000e+03
4.309312000000000000e+06,1.031000000000000000e+03
4.310244000000000000e+06,1.040000000000000000e+03
4.311180000000000000e+06,1.069000000000000000e+03
4.312116000000000000e+06,1.072000000000000000e+03
4.313052000000000000e+06,1.051000000000000000e+03
4.313984000000000000e+06,1.042000000000000000e+03
4.314920000000000000e+06,1.065000000000000000e+03
4.315856000000000000e+06,1.050000000000000000e+03
4.316792000000000000e+06,1.038000000000000000e+03
4.317724000000000000e+06,1.026000000000000000e+03
4.318660000000000000e+06,1.046000000000000000e+03
4.319596000000000000e+06,1.028000000000000000e+03
4.320532000000000000e+06,1.081000000000000000e+03
4.321464000000000000e+06,1.021000000000000000e+03
4.322400000000000000e+06,1.023000000000000000e+03
4.323344000000000000e+06,1.019000000000000000e+03
4.324272000000000000e+06,1.019000000000000000e+03
4.325204000000000000e+06,1.060000000000000000e+03
4.326140000000000000e+06,1.030000000000000000e+03
4.327076000000000000e+06,1.045000000000000000e+03
4.328944000000000000e+06,1.001000000000000000e+03
4.329880000000000000e+06,1.068000000000000000e+03
4.330816000000000000e+06,1.068000000000000000e+03
4.331752000000000000e+06,1.067000000000000000e+03
4.332684000000000000e+06,1.052000000000000000e+03
4.333620000000000000e+06,1.019000000000000000e+03
4.334556000000000000e+06,1.052000000000000000e+03
4.335492000000000000e+06,1.064000000000000000e+03
4.336424000000000000e+06,1.066000000000000000e+03
4.337360000000000000e+06,1.054000000000000000e+03
4.338296000000000000e+06,1.021000000000000000e+03
4.339232000000000000e+06,1.011000000000000000e+03
4.340164000000000000e+06,1.046000000000000000e+03
4.341100000000000000e+06,1.063000000000000000e+03
4.342036000000000000e+06,1.031000000000000000e+03
4.342972000000000000e+06,1.056000000000000000e+03
4.343904000000000000e+06,1.040000000000000000e+03
4.344848000000000000e+06,1.038000000000000000e+03
4.345776000000000000e+06,1.076000000000000000e+03
4.346712000000000000e+06,1.026000000000000000e+03
4.347644000000000000e+06,1.046000000000000000e+03
4.348580000000000000e+06,1.036000000000000000e+03
4.349516000000000000e+06,1.082000000000000000e+03
4.350452000000000000e+06,1.026000000000000000e+03
4.351384000000000000e+06,1.046000000000000000e+03
4.352320000000000000e+06,1.046000000000000000e+03
4.353256000000000000e+06,1.077000000000000000e+03
4.354192000000000000e+06,1.051000000000000000e+03
4.355124000000000000e+06,1.017000000000000000e+03
4.356060000000000000e+06,1.041000000000000000e+03
4.356996000000000000e+06,1.053000000000000000e+03
4.357932000000000000e+06,1.059000000000000000e+03
4.358864000000000000e+06,1.014000000000000000e+03
4.359800000000000000e+06,1.054000000000000000e+03
4.360736000000000000e+06,1.076000000000000000e+03
4.361672000000000000e+06,1.063000000000000000e+03
4.362604000000000000e+06,1.049000000000000000e+03
4.363540000000000000e+06,1.029000000000000000e+03
4.364476000000000000e+06,1.007000000000000000e+03
4.365412000000000000e+06,1.025000000000000000e+03
4.366352000000000000e+06,1.018000000000000000e+03
4.367280000000000000e+06,1.035000000000000000e+03
4.368216000000000000e+06,1.091000000000000000e+03
4.369152000000000000e+06,1.089000000000000000e+03
4.370084000000000000e+06,1.071000000000000000e+03
4.371020000000000000e+06,1.032000000000000000e+03
4.371956000000000000e+06,1.057000000000000000e+03
4.372892000000000000e+06,1.044000000000000000e+03
4.373824000000000000e+06,1.038000000000000000e+03
4.374760000000000000e+06,1.090000000000000000e+03
4.375696000000000000e+06,1.073000000000000000e+03
4.376632000000000000e+06,1.039000000000000000e+03
4.377564000000000000e+06,1.037000000000000000e+03
4.378500000000000000e+06,1.066000000000000000e+03
4.379436000000000000e+06,1.060000000000000000e+03
4.380372000000000000e+06,1.047000000000000000e+03
4.381304000000000000e+06,1.031000000000000000e+03
4.382240000000000000e+06,1.008000000000000000e+03
4.383176000000000000e+06,1.030000000000000000e+03
4.384112000000000000e+06,1.036000000000000000e+03
4.385044000000000000e+06,1.056000000000000000e+03
4.385980000000000000e+06,1.027000000000000000e+03
4.386916000000000000e+06,1.078000000000000000e+03
4.387856000000000000e+06,1.051000000000000000e+03
4.388784000000000000e+06,1.047000000000000000e+03
4.389720000000000000e+06,1.078000000000000000e+03
4.390656000000000000e+06,1.084000000000000000e+03
4.391592000000000000e+06,1.055000000000000000e+03
4.392524000000000000e+06,1.060000000000000000e+03
4.393460000000000000e+06,1.049000000000000000e+03
4.394396000000000000e+06,1.049000000000000000e+03
4.395332000000000000e+06,1.087000000000000000e+03
4.396264000000000000e+06,1.044000000000000000e+03
4.397200000000000000e+06,1.037000000000000000e+03
4.398136000000000000e+06,1.036000000000000000e+03
4.399072000000000000e+06,1.087000000000000000e+03
4.400004000000000000e+06,1.063000000000000000e+03
4.400940000000000000e+06,1.019000000000000000e+03
4.401876000000000000e+06,1.079000000000000000e+03
4.402812000000000000e+06,1.080000000000000000e+03
4.403744000000000000e+06,1.057000000000000000e+03
4.404680000000000000e+06,1.045000000000000000e+03
4.405616000000000000e+06,1.023000000000000000e+03
4.406552000000000000e+06,1.068000000000000000e+03
4.407484000000000000e+06,1.023000000000000000e+03
4.408420000000000000e+06,1.085000000000000000e+03
4.409360000000000000e+06,1.089000000000000000e+03
4.410292000000000000e+06,1.042000000000000000e+03
4.411224000000000000e+06,1.070000000000000000e+03
4.412160000000000000e+06,1.036000000000000000e+03
4.413096000000000000e+06,1.074000000000000000e+03
4.414032000000000000e+06,1.053000000000000000e+03
4.414964000000000000e+06,1.023000000000000000e+03
4.415900000000000000e+06,1.072000000000000000e+03
4.416836000000000000e+06,1.066000000000000000e+03
4.417772000000000000e+06,1.036000000000000000e+03
4.418704000000000000e+06,1.026000000000000000e+03
4.419640000000000000e+06,1.078000000000000000e+03
4.420576000000000000e+06,1.062000000000000000e+03
4.421512000000000000e+06,1.024000000000000000e+03
4.422444000000000000e+06,1.028000000000000000e+03
4.423380000000000000e+06,1.030000000000000000e+03
4.424316000000000000e+06,1.047000000000000000e+03
4.425252000000000000e+06,1.054000000000000000e+03
4.426184000000000000e+06,1.054000000000000000e+03
4.427120000000000000e+06,1.031000000000000000e+03
4.428056000000000000e+06,1.043000000000000000e+03
4.428992000000000000e+06,1.086000000000000000e+03
4.429924000000000000e+06,1.040000000000000000e+03
4.430868000000000000e+06,1.068000000000000000e+03
4.431796000000000000e+06,1.074000000000000000e+03
4.432732000000000000e+06,1.064000000000000000e+03
4.433664000000000000e+06,1.042000000000000000e+03
4.434600000000000000e+06,1.056000000000000000e+03
4.435536000000000000e+06,1.068000000000000000e+03
4.436472000000000000e+06,1.024000000000000000e+03
4.437404000000000000e+06,1.063000000000000000e+03
4.438340000000000000e+06,1.068000000000000000e+03
4.439276000000000000e+06,1.019000000000000000e+03
4.440212000000000000e+06,1.049000000000000000e+03
4.441144000000000000e+06,1.056000000000000000e+03
4.442080000000000000e+06,1.037000000000000000e+03
4.443016000000000000e+06,1.053000000000000000e+03
4.443952000000000000e+06,1.075000000000000000e+03
4.444884000000000000e+06,1.057000000000000000e+03
4.445820000000000000e+06,1.075000000000000000e+03
4.446756000000000000e+06,1.042000000000000000e+03
4.447692000000000000e+06,1.064000000000000000e+03
4.448624000000000000e+06,1.016000000000000000e+03
4.449560000000000000e+06,1.088000000000000000e+03
4.450496000000000000e+06,1.034000000000000000e+03
4.451432000000000000e+06,1.033000000000000000e+03
4.452372000000000000e+06,1.077000000000000000e+03
4.453300000000000000e+06,1.028000000000000000e+03
4.454236000000000000e+06,1.032000000000000000e+03
4.455172000000000000e+06,1.056000000000000000e+03
4.456104000000000000e+06,1.063000000000000000e+03
4.457040000000000000e+06,1.027000000000000000e+03
4.457976000000000000e+06,1.059000000000000000e+03
4.458912000000000000e+06,1.069000000000000000e+03
4.459844000000000000e+06,1.047000000000000000e+03
4.460780000000000000e+06,1.026000000000000000e+03
4.461716000000000000e+06,1.027000000000000000e+03
4.462652000000000000e+06,1.036000000000000000e+03
4.463584000000000000e+06,1.049000000000000000e+03
4.464520000000000000e+06,1.076000000000000000e+03
4.465456000000000000e+06,1.064000000000000000e+03
4.466392000000000000e+06,1.065000000000000000e+03
4.467324000000000000e+06,1.048000000000000000e+03
4.468260000000000000e+06,1.069000000000000000e+03
4.469196000000000000e+06,1.065000000000000000e+03
4.470132000000000000e+06,1.030000000000000000e+03
4.471064000000000000e+06,1.071000000000000000e+03
4.472000000000000000e+06,1.048000000000000000e+03
4.472936000000000000e+06,1.061000000000000000e+03
4.473876000000000000e+06,1.059000000000000000e+03
4.474804000000000000e+06,1.062000000000000000e+03
4.475740000000000000e+06,1.069000000000000000e+03
4.476676000000000000e+06,1.082000000000000000e+03
4.477612000000000000e+06,1.068000000000000000e+03
4.478544000000000000e+06,1.062000000000000000e+03
4.479480000000000000e+06,1.089000000000000000e+03
4.480416000000000000e+06,1.055000000000000000e+03
4.481352000000000000e+06,1.059000000000000000e+03
4.482284000000000000e+06,1.066000000000000000e+03
4.483220000000000000e+06,1.046000000000000000e+03
4.484156000000000000e+06,1.038000000000000000e+03
4.485092000000000000e+06,1.071000000000000000e+03
4.486024000000000000e+06,1.053000000000000000e+03
4.486960000000000000e+06,1.034000000000000000e+03
4.487896000000000000e+06,1.040000000000000000e+03
4.488832000000000000e+06,1.017000000000000000e+03
4.489764000000000000e+06,1.030000000000000000e+03
4.490700000000000000e+06,1.032000000000000000e+03
4.491636000000000000e+06,1.042000000000000000e+03
4.492572000000000000e+06,1.050000000000000000e+03
4.493504000000000000e+06,1.070000000000000000e+03
4.494440000000000000e+06,1.067000000000000000e+03
4.495380000000000000e+06,1.070000000000000000e+03
4.496312000000000000e+06,1.055000000000000000e+03
4.497244000000000000e+06,1.069000000000000000e+03
4.498180000000000000e+06,1.052000000000000000e+03
4.499116000000000000e+06,1.048000000000000000e+03
4.500052000000000000e+06,1.062000000000000000e+03
4.500984000000000000e+06,1.081000000000000000e+03
4.501920000000000000e+06,1.037000000000000000e+03
4.502856000000000000e+06,1.032000000000000000e+03
4.503792000000000000e+06,1.052000000000000000e+03
4.504724000000000000e+06,1.063000000000000000e+03
4.505660000000000000e+06,1.037000000000000000e+03
4.506596000000000000e+06,1.034000000000000000e+03
4.507532000000000000e+06,1.053000000000000000e+03
4.508464000000000000e+06,1.044000000000000000e+03
4.509400000000000000e+06,1.055000000000000000e+03
4.510336000000000000e+06,1.011000000000000000e+03
4.511272000000000000e+06,1.050000000000000000e+03
4.512204000000000000e+06,1.053000000000000000e+03
4.513140000000000000e+06,1.076000000000000000e+03
4.514076000000000000e+06,1.065000000000000000e+03
4.515012000000000000e+06,1.043000000000000000e+03
4.515944000000000000e+06,1.086000000000000000e+03
4.516884000000000000e+06,1.060000000000000000e+03
4.517816000000000000e+06,1.071000000000000000e+03
4.518752000000000000e+06,1.101000000000000000e+03
4.519684000000000000e+06,1.063000000000000000e+03
4.520620000000000000e+06,1.063000000000000000e+03
4.521556000000000000e+06,1.054000000000000000e+03
4.522492000000000000e+06,1.078000000000000000e+03
4.523424000000000000e+06,1.029000000000000000e+03
4.524360000000000000e+06,1.067000000000000000e+03
4.525296000000000000e+06,1.034000000000000000e+03
4.526232000000000000e+06,1.007000000000000000e+03
4.527164000000000000e+06,1.054000000000000000e+03
4.528100000000000000e+06,1.043000000000000000e+03
4.529036000000000000e+06,1.028000000000000000e+03
4.529972000000000000e+06,1.048000000000000000e+03
4.530904000000000000e+06,1.061000000000000000e+03
4.531840000000000000e+06,1.057000000000000000e+03
4.532776000000000000e+06,1.055000000000000000e+03
4.533712000000000000e+06,1.055000000000000000e+03
4.534644000000000000e+06,1.057000000000000000e+03
4.535580000000000000e+06,1.088000000000000000e+03
4.536516000000000000e+06,1.058000000000000000e+03
4.537452000000000000e+06,1.029000000000000000e+03
4.538388000000000000e+06,1.054000000000000000e+03
4.539320000000000000e+06,1.049000000000000000e+03
4.540256000000000000e+06,1.056000000000000000e+03
4.541192000000000000e+06,1.007000000000000000e+03
4.542124000000000000e+06,1.041000000000000000e+03
4.543060000000000000e+06,1.049000000000000000e+03
4.543996000000000000e+06,1.084000000000000000e+03
4.544932000000000000e+06,1.043000000000000000e+03
4.545864000000000000e+06,1.041000000000000000e+03
4.546800000000000000e+06,1.032000000000000000e+03
4.547736000000000000e+06,1.009000000000000000e+03
4.548672000000000000e+06,1.015000000000000000e+03
4.549604000000000000e+06,1.083000000000000000e+03
4.550540000000000000e+06,1.079000000000000000e+03
4.551476000000000000e+06,1.066000000000000000e+03
4.552412000000000000e+06,1.030000000000000000e+03
4.553344000000000000e+06,1.033000000000000000e+03
4.554280000000000000e+06,1.052000000000000000e+03
4.555216000000000000e+06,1.049000000000000000e+03
4.556152000000000000e+06,1.045000000000000000e+03
4.557084000000000000e+06,1.069000000000000000e+03
4.558020000000000000e+06,1.067000000000000000e+03
4.558956000000000000e+06,1.001000000000000000e+03
4.559892000000000000e+06,1.024000000000000000e+03
4.560824000000000000e+06,1.047000000000000000e+03
4.561760000000000000e+06,1.029000000000000000e+03
4.562696000000000000e+06,1.055000000000000000e+03
4.563632000000000000e+06,1.071000000000000000e+03
4.564564000000000000e+06,1.058000000000000000e+03
4.565500000000000000e+06,1.026000000000000000e+03
4.566436000000000000e+06,1.046000000000000000e+03
4.567372000000000000e+06,1.044000000000000000e+03
4.568304000000000000e+06,1.050000000000000000e+03
4.569240000000000000e+06,1.049000000000000000e+03
4.570176000000000000e+06,1.078000000000000000e+03
4.571112000000000000e+06,1.030000000000000000e+03
4.572044000000000000e+06,1.039000000000000000e+03
4.572980000000000000e+06,1.049000000000000000e+03
4.573916000000000000e+06,1.049000000000000000e+03
4.574852000000000000e+06,1.057000000000000000e+03
4.575784000000000000e+06,1.061000000000000000e+03
4.576720000000000000e+06,1.052000000000000000e+03
4.577656000000000000e+06,1.051000000000000000e+03
4.578592000000000000e+06,1.053000000000000000e+03
4.579524000000000000e+06,1.080000000000000000e+03
4.580460000000000000e+06,1.032000000000000000e+03
4.581396000000000000e+06,1.053000000000000000e+03
4.582332000000000000e+06,1.037000000000000000e+03
4.583264000000000000e+06,1.061000000000000000e+03
4.584200000000000000e+06,1.062000000000000000e+03
4.585136000000000000e+06,1.059000000000000000e+03
4.586072000000000000e+06,1.052000000000000000e+03
4.587004000000000000e+06,1.038000000000000000e+03
4.587940000000000000e+06,1.027000000000000000e+03
4.588876000000000000e+06,1.075000000000000000e+03
4.589812000000000000e+06,1.078000000000000000e+03
4.590744000000000000e+06,1.065000000000000000e+03
4.591680000000000000e+06,1.080000000000000000e+03
4.592616000000000000e+06,1.072000000000000000e+03
4.593552000000000000e+06,1.040000000000000000e+03
4.594484000000000000e+06,1.057000000000000000e+03
4.595420000000000000e+06,1.088000000000000000e+03
4.596356000000000000e+06,1.077000000000000000e+03
4.597292000000000000e+06,1.059000000000000000e+03
4.598224000000000000e+06,1.098000000000000000e+03
4.599160000000000000e+06,1.099000000000000000e+03
4.600096000000000000e+06,1.059000000000000000e+03
4.601032000000000000e+06,1.072000000000000000e+03
4.601964000000000000e+06,1.043000000000000000e+03
4.602900000000000000e+06,1.082000000000000000e+03
4.603836000000000000e+06,1.046000000000000000e+03
4.604772000000000000e+06,1.035000000000000000e+03
4.605704000000000000e+06,1.065000000000000000e+03
4.606640000000000000e+06,1.088000000000000000e+03
4.607576000000000000e+06,1.029000000000000000e+03
4.608512000000000000e+06,1.038000000000000000e+03
4.609444000000000000e+06,1.026000000000000000e+03
4.610380000000000000e+06,1.005000000000000000e+03
4.611316000000000000e+06,1.054000000000000000e+03
4.612252000000000000e+06,1.055000000000000000e+03
4.613184000000000000e+06,1.032000000000000000e+03
4.614120000000000000e+06,1.073000000000000000e+03
4.615056000000000000e+06,1.058000000000000000e+03
4.615992000000000000e+06,1.054000000000000000e+03
4.616924000000000000e+06,1.030000000000000000e+03
4.617860000000000000e+06,1.062000000000000000e+03
4.618796000000000000e+06,1.109000000000000000e+03
4.619732000000000000e+06,1.058000000000000000e+03
4.620664000000000000e+06,1.025000000000000000e+03
4.621600000000000000e+06,1.020000000000000000e+03
4.622536000000000000e+06,1.063000000000000000e+03
4.623472000000000000e+06,1.072000000000000000e+03
4.624404000000000000e+06,1.073000000000000000e+03
4.625340000000000000e+06,1.032000000000000000e+03
4.626276000000000000e+06,1.044000000000000000e+03
4.627212000000000000e+06,1.062000000000000000e+03
4.628144000000000000e+06,1.014000000000000000e+03
4.629080000000000000e+06,1.047000000000000000e+03
4.630016000000000000e+06,1.058000000000000000e+03
4.630952000000000000e+06,1.041000000000000000e+03
4.631884000000000000e+06,1.016000000000000000e+03
4.632820000000000000e+06,1.033000000000000000e+03
4.633756000000000000e+06,1.043000000000000000e+03
4.634692000000000000e+06,1.025000000000000000e+03
4.635624000000000000e+06,1.061000000000000000e+03
4.636560000000000000e+06,1.070000000000000000e+03
4.637496000000000000e+06,1.074000000000000000e+03
4.638432000000000000e+06,1.044000000000000000e+03
4.639364000000000000e+06,1.037000000000000000e+03
4.640300000000000000e+06,1.003000000000000000e+03
4.641236000000000000e+06,1.043000000000000000e+03
4.642172000000000000e+06,1.068000000000000000e+03
4.643104000000000000e+06,1.069000000000000000e+03
4.644040000000000000e+06,1.045000000000000000e+03
4.644976000000000000e+06,1.070000000000000000e+03
4.645912000000000000e+06,1.054000000000000000e+03
4.646844000000000000e+06,1.010000000000000000e+03
4.647780000000000000e+06,1.021000000000000000e+03
4.648716000000000000e+06,1.011000000000000000e+03
4.649652000000000000e+06,1.035000000000000000e+03
4.650584000000000000e+06,1.092000000000000000e+03
4.651520000000000000e+06,1.074000000000000000e+03
4.652456000000000000e+06,1.055000000000000000e+03
4.653392000000000000e+06,1.042000000000000000e+03
4.654324000000000000e+06,1.048000000000000000e+03
4.655260000000000000e+06,1.037000000000000000e+03
4.656196000000000000e+06,1.021000000000000000e+03
4.657132000000000000e+06,1.048000000000000000e+03
4.658064000000000000e+06,1.062000000000000000e+03
4.659000000000000000e+06,1.018000000000000000e+03
4.659936000000000000e+06,1.032000000000000000e+03
4.660872000000000000e+06,1.060000000000000000e+03
4.661804000000000000e+06,1.049000000000000000e+03
4.662740000000000000e+06,1.022000000000000000e+03
4.663676000000000000e+06,1.021000000000000000e+03
4.664612000000000000e+06,1.069000000000000000e+03
4.665544000000000000e+06,1.084000000000000000e+03
4.666480000000000000e+06,1.052000000000000000e+03
4.667416000000000000e+06,1.054000000000000000e+03
4.668352000000000000e+06,1.007000000000000000e+03
4.669284000000000000e+06,1.032000000000000000e+03
4.670220000000000000e+06,1.033000000000000000e+03
4.671156000000000000e+06,1.037000000000000000e+03
4.672092000000000000e+06,1.018000000000000000e+03
4.673024000000000000e+06,1.050000000000000000e+03
4.673960000000000000e+06,1.069000000000000000e+03
4.674896000000000000e+06,1.047000000000000000e+03
4.675832000000000000e+06,1.048000000000000000e+03
4.676764000000000000e+06,1.063000000000000000e+03
4.677700000000000000e+06,1.094000000000000000e+03
4.678636000000000000e+06,1.061000000000000000e+03
4.679572000000000000e+06,1.035000000000000000e+03
4.680504000000000000e+06,1.090000000000000000e+03
4.681440000000000000e+06,1.068000000000000000e+03
4.682376000000000000e+06,1.083000000000000000e+03
4.683312000000000000e+06,1.063000000000000000e+03
4.684244000000000000e+06,1.036000000000000000e+03
4.685180000000000000e+06,1.022000000000000000e+03
4.686116000000000000e+06,1.075000000000000000e+03
4.687052000000000000e+06,1.092000000000000000e+03
4.687984000000000000e+06,1.071000000000000000e+03
4.688920000000000000e+06,1.044000000000000000e+03
4.689856000000000000e+06,1.061000000000000000e+03
4.690792000000000000e+06,1.014000000000000000e+03
4.691724000000000000e+06,1.056000000000000000e+03
4.692660000000000000e+06,1.011000000000000000e+03
4.693596000000000000e+06,1.048000000000000000e+03
4.694532000000000000e+06,1.063000000000000000e+03
4.695464000000000000e+06,1.061000000000000000e+03
4.696400000000000000e+06,1.035000000000000000e+03
4.697336000000000000e+06,1.059000000000000000e+03
4.698272000000000000e+06,1.078000000000000000e+03
4.699204000000000000e+06,1.034000000000000000e+03
4.700140000000000000e+06,1.072000000000000000e+03
4.701076000000000000e+06,1.043000000000000000e+03
4.702012000000000000e+06,1.050000000000000000e+03
4.702944000000000000e+06,1.028000000000000000e+03
4.703880000000000000e+06,1.056000000000000000e+03
4.704816000000000000e+06,1.029000000000000000e+03
4.705752000000000000e+06,1.073000000000000000e+03
4.706684000000000000e+06,1.054000000000000000e+03
4.707620000000000000e+06,1.049000000000000000e+03
4.708556000000000000e+06,1.080000000000000000e+03
4.709492000000000000e+06,1.051000000000000000e+03
4.710424000000000000e+06,1.029000000000000000e+03
4.711360000000000000e+06,1.052000000000000000e+03
4.712296000000000000e+06,1.043000000000000000e+03
4.713232000000000000e+06,1.032000000000000000e+03
4.714164000000000000e+06,1.063000000000000000e+03
4.715100000000000000e+06,1.085000000000000000e+03
4.716036000000000000e+06,1.044000000000000000e+03
4.716972000000000000e+06,1.055000000000000000e+03
4.717904000000000000e+06,1.046000000000000000e+03
4.718840000000000000e+06,1.010000000000000000e+03
4.719776000000000000e+06,1.033000000000000000e+03
4.720712000000000000e+06,1.051000000000000000e+03
4.721644000000000000e+06,1.077000000000000000e+03
4.722580000000000000e+06,1.087000000000000000e+03
4.723516000000000000e+06,1.080000000000000000e+03
4.724452000000000000e+06,1.026000000000000000e+03
4.725384000000000000e+06,1.037000000000000000e+03
4.726320000000000000e+06,1.038000000000000000e+03
4.727256000000000000e+06,1.043000000000000000e+03
4.728192000000000000e+06,1.018000000000000000e+03
4.729124000000000000e+06,1.046000000000000000e+03
4.730060000000000000e+06,1.081000000000000000e+03
4.730996000000000000e+06,1.044000000000000000e+03
4.731932000000000000e+06,1.027000000000000000e+03
4.732864000000000000e+06,1.034000000000000000e+03
4.733800000000000000e+06,1.026000000000000000e+03
4.734736000000000000e+06,1.047000000000000000e+03
4.735672000000000000e+06,1.044000000000000000e+03
4.736604000000000000e+06,1.064000000000000000e+03
4.737540000000000000e+06,1.059000000000000000e+03
4.738476000000000000e+06,1.105000000000000000e+03
4.739412000000000000e+06,1.072000000000000000e+03
4.740344000000000000e+06,1.033000000000000000e+03
4.741280000000000000e+06,1.056000000000000000e+03
4.742216000000000000e+06,1.043000000000000000e+03
4.743152000000000000e+06,1.046000000000000000e+03
4.744084000000000000e+06,1.059000000000000000e+03
4.745020000000000000e+06,1.056000000000000000e+03
4.745956000000000000e+06,1.061000000000000000e+03
4.746892000000000000e+06,1.032000000000000000e+03
4.747824000000000000e+06,1.045000000000000000e+03
4.748760000000000000e+06,1.051000000000000000e+03
4.749696000000000000e+06,1.052000000000000000e+03
4.750632000000000000e+06,1.041000000000000000e+03
4.751564000000000000e+06,1.049000000000000000e+03
4.752500000000000000e+06,1.060000000000000000e+03
4.753436000000000000e+06,1.034000000000000000e+03
4.754372000000000000e+06,1.029000000000000000e+03
4.755304000000000000e+06,1.083000000000000000e+03
4.756240000000000000e+06,1.043000000000000000e+03
4.757176000000000000e+06,1.043000000000000000e+03
4.758112000000000000e+06,1.070000000000000000e+03
4.759044000000000000e+06,1.080000000000000000e+03
4.759980000000000000e+06,1.045000000000000000e+03
4.760916000000000000e+06,1.089000000000000000e+03
4.761852000000000000e+06,1.036000000000000000e+03
4.762784000000000000e+06,1.033000000000000000e+03
4.763720000000000000e+06,1.036000000000000000e+03
4.764656000000000000e+06,1.033000000000000000e+03
4.765592000000000000e+06,1.077000000000000000e+03
4.766524000000000000e+06,1.027000000000000000e+03
4.767460000000000000e+06,1.085000000000000000e+03
4.768396000000000000e+06,1.010000000000000000e+03
4.769332000000000000e+06,1.070000000000000000e+03
4.770264000000000000e+06,1.035000000000000000e+03
4.771200000000000000e+06,1.071000000000000000e+03
4.772136000000000000e+06,1.059000000000000000e+03
4.773072000000000000e+06,1.046000000000000000e+03
4.774004000000000000e+06,1.039000000000000000e+03
4.774940000000000000e+06,1.054000000000000000e+03
4.775876000000000000e+06,1.056000000000000000e+03
4.776812000000000000e+06,1.068000000000000000e+03
4.777744000000000000e+06,1.034000000000000000e+03
4.778680000000000000e+06,1.044000000000000000e+03
4.779616000000000000e+06,1.061000000000000000e+03
4.780552000000000000e+06,1.046000000000000000e+03
4.781484000000000000e+06,1.047000000000000000e+03
4.782420000000000000e+06,1.061000000000000000e+03
4.783356000000000000e+06,1.069000000000000000e+03
4.784292000000000000e+06,1.045000000000000000e+03
4.785224000000000000e+06,1.046000000000000000e+03
4.786160000000000000e+06,1.073000000000000000e+03
4.787096000000000000e+06,1.052000000000000000e+03
4.788032000000000000e+06,1.072000000000000000e+03
4.788964000000000000e+06,1.070000000000000000e+03
4.789900000000000000e+06,1.066000000000000000e+03
4.790836000000000000e+06,1.053000000000000000e+03
4.791772000000000000e+06,1.064000000000000000e+03
4.792704000000000000e+06,1.039000000000000000e+03
4.793640000000000000e+06,1.045000000000000000e+03
4.794576000000000000e+06,1.027000000000000000e+03
4.795512000000000000e+06,1.028000000000000000e+03
4.796444000000000000e+06,1.040000000000000000e+03
4.797380000000000000e+06,1.082000000000000000e+03
4.798316000000000000e+06,1.041000000000000000e+03
4.799252000000000000e+06,1.087000000000000000e+03
4.800184000000000000e+06,1.073000000000000000e+03
4.801120000000000000e+06,1.026000000000000000e+03
4.802056000000000000e+06,1.041000000000000000e+03
4.802992000000000000e+06,1.063000000000000000e+03
4.803924000000000000e+06,1.035000000000000000e+03
4.804860000000000000e+06,1.051000000000000000e+03
4.805796000000000000e+06,1.083000000000000000e+03
4.806732000000000000e+06,1.058000000000000000e+03
4.807664000000000000e+06,1.035000000000000000e+03
4.808600000000000000e+06,1.008000000000000000e+03
4.809536000000000000e+06,1.050000000000000000e+03
4.810472000000000000e+06,1.041000000000000000e+03
4.811404000000000000e+06,1.081000000000000000e+03
4.812340000000000000e+06,1.073000000000000000e+03
4.813276000000000000e+06,1.069000000000000000e+03
4.814212000000000000e+06,1.072000000000000000e+03
4.815144000000000000e+06,1.064000000000000000e+03
4.816080000000000000e+06,1.095000000000000000e+03
4.817016000000000000e+06,1.074000000000000000e+03
4.817952000000000000e+06,1.053000000000000000e+03
4.818884000000000000e+06,1.021000000000000000e+03
4.819820000000000000e+06,1.071000000000000000e+03
4.820756000000000000e+06,1.071000000000000000e+03
4.821692000000000000e+06,1.066000000000000000e+03
4.822624000000000000e+06,1.063000000000000000e+03
4.823560000000000000e+06,1.061000000000000000e+03
4.824496000000000000e+06,1.056000000000000000e+03
4.825432000000000000e+06,1.072000000000000000e+03
4.826364000000000000e+06,1.046000000000000000e+03
4.827300000000000000e+06,1.035000000000000000e+03
4.828236000000000000e+06,1.065000000000000000e+03
4.829172000000000000e+06,1.050000000000000000e+03
4.830104000000000000e+06,1.020000000000000000e+03
4.831040000000000000e+06,1.051000000000000000e+03
4.831976000000000000e+06,1.029000000000000000e+03
4.832912000000000000e+06,1.033000000000000000e+03
4.833844000000000000e+06,1.035000000000000000e+03
4.834780000000000000e+06,1.024000000000000000e+03
4.835716000000000000e+06,1.021000000000000000e+03
4.836652000000000000e+06,1.076000000000000000e+03
4.837584000000000000e+06,1.045000000000000000e+03
4.838520000000000000e+06,1.055000000000000000e+03
4.839456000000000000e+06,1.018000000000000000e+03
4.840392000000000000e+06,1.073000000000000000e+03
4.841324000000000000e+06,1.038000000000000000e+03
4.842260000000000000e+06,1.077000000000000000e+03
4.843196000000000000e+06,1.035000000000000000e+03
4.844132000000000000e+06,1.055000000000000000e+03
4.845064000000000000e+06,1.071000000000000000e+03
4.846000000000000000e+06,1.065000000000000000e+03
4.846936000000000000e+06,1.026000000000000000e+03
4.847872000000000000e+06,1.061000000000000000e+03
4.848804000000000000e+06,1.046000000000000000e+03
4.849740000000000000e+06,1.047000000000000000e+03
4.850676000000000000e+06,1.062000000000000000e+03
4.851612000000000000e+06,1.064000000000000000e+03
4.852544000000000000e+06,1.069000000000000000e+03
4.853480000000000000e+06,1.082000000000000000e+03
4.854416000000000000e+06,1.071000000000000000e+03
4.855352000000000000e+06,1.055000000000000000e+03
4.856284000000000000e+06,1.040000000000000000e+03
4.857220000000000000e+06,1.020000000000000000e+03
4.858156000000000000e+06,1.070000000000000000e+03
4.859092000000000000e+06,1.081000000000000000e+03
4.860024000000000000e+06,1.047000000000000000e+03
4.860960000000000000e+06,1.046000000000000000e+03
4.861896000000000000e+06,1.029000000000000000e+03
4.862832000000000000e+06,1.037000000000000000e+03
4.863764000000000000e+06,1.067000000000000000e+03
4.864700000000000000e+06,1.063000000000000000e+03
4.865636000000000000e+06,1.038000000000000000e+03
4.866572000000000000e+06,1.044000000000000000e+03
4.867504000000000000e+06,1.044000000000000000e+03
4.868440000000000000e+06,1.027000000000000000e+03
4.869376000000000000e+06,1.060000000000000000e+03
4.870312000000000000e+06,1.059000000000000000e+03
4.871244000000000000e+06,1.063000000000000000e+03
4.872180000000000000e+06,1.051000000000000000e+03
4.873116000000000000e+06,1.041000000000000000e+03
4.874052000000000000e+06,1.048000000000000000e+03
4.874984000000000000e+06,1.043000000000000000e+03
4.875920000000000000e+06,1.082000000000000000e+03
4.876856000000000000e+06,1.075000000000000000e+03
4.877792000000000000e+06,1.065000000000000000e+03
4.878724000000000000e+06,1.050000000000000000e+03
4.879660000000000000e+06,1.016000000000000000e+03
4.880596000000000000e+06,1.049000000000000000e+03
4.881532000000000000e+06,1.044000000000000000e+03
4.882464000000000000e+06,1.061000000000000000e+03
4.883400000000000000e+06,1.059000000000000000e+03
4.884336000000000000e+06,1.030000000000000000e+03
4.885272000000000000e+06,1.028000000000000000e+03
4.886204000000000000e+06,1.050000000000000000e+03
4.887140000000000000e+06,1.061000000000000000e+03
4.888076000000000000e+06,1.032000000000000000e+03
4.889012000000000000e+06,1.073000000000000000e+03
4.889944000000000000e+06,1.062000000000000000e+03
4.890880000000000000e+06,1.067000000000000000e+03
4.891816000000000000e+06,1.054000000000000000e+03
4.892752000000000000e+06,1.022000000000000000e+03
4.893684000000000000e+06,1.023000000000000000e+03
4.894620000000000000e+06,1.053000000000000000e+03
4.895556000000000000e+06,1.056000000000000000e+03
4.896492000000000000e+06,1.061000000000000000e+03
4.897424000000000000e+06,1.075000000000000000e+03
4.898360000000000000e+06,1.080000000000000000e+03
4.899296000000000000e+06,1.018000000000000000e+03
4.900232000000000000e+06,1.073000000000000000e+03
4.901164000000000000e+06,1.053000000000000000e+03
4.902100000000000000e+06,1.040000000000000000e+03
4.903036000000000000e+06,1.053000000000000000e+03
4.903972000000000000e+06,1.036000000000000000e+03
4.904904000000000000e+06,1.028000000000000000e+03
4.905840000000000000e+06,1.067000000000000000e+03
4.906776000000000000e+06,1.028000000000000000e+03
4.907712000000000000e+06,1.043000000000000000e+03
4.908644000000000000e+06,1.007000000000000000e+03
4.909580000000000000e+06,1.097000000000000000e+03
4.910516000000000000e+06,1.083000000000000000e+03
4.911452000000000000e+06,1.059000000000000000e+03
4.912384000000000000e+06,1.032000000000000000e+03
4.913320000000000000e+06,1.079000000000000000e+03
4.914256000000000000e+06,1.077000000000000000e+03
4.915192000000000000e+06,1.057000000000000000e+03
4.916124000000000000e+06,1.057000000000000000e+03
4.917060000000000000e+06,1.046000000000000000e+03
4.918932000000000000e+06,1.038000000000000000e+03
4.919864000000000000e+06,1.030000000000000000e+03
4.920800000000000000e+06,1.061000000000000000e+03
4.921736000000000000e+06,1.072000000000000000e+03
4.922672000000000000e+06,1.061000000000000000e+03
4.923604000000000000e+06,1.027000000000000000e+03
4.924540000000000000e+06,1.026000000000000000e+03
4.925476000000000000e+06,1.043000000000000000e+03
4.926412000000000000e+06,1.049000000000000000e+03
4.927344000000000000e+06,1.021000000000000000e+03
4.928280000000000000e+06,1.087000000000000000e+03
4.929216000000000000e+06,1.071000000000000000e+03
4.930152000000000000e+06,1.057000000000000000e+03
4.931084000000000000e+06,1.072000000000000000e+03
4.932020000000000000e+06,1.049000000000000000e+03
4.932956000000000000e+06,1.034000000000000000e+03
4.933892000000000000e+06,1.051000000000000000e+03
4.934824000000000000e+06,1.036000000000000000e+03
4.935760000000000000e+06,1.035000000000000000e+03
4.936696000000000000e+06,1.034000000000000000e+03
4.937632000000000000e+06,1.069000000000000000e+03
4.938564000000000000e+06,1.037000000000000000e+03
4.939500000000000000e+06,1.083000000000000000e+03
4.940436000000000000e+06,1.028000000000000000e+03
4.941372000000000000e+06,1.062000000000000000e+03
4.942304000000000000e+06,1.053000000000000000e+03
4.943240000000000000e+06,1.037000000000000000e+03
4.944176000000000000e+06,1.056000000000000000e+03
4.945112000000000000e+06,1.057000000000000000e+03
4.946044000000000000e+06,1.047000000000000000e+03
4.946980000000000000e+06,1.062000000000000000e+03
4.947916000000000000e+06,1.044000000000000000e+03
4.948852000000000000e+06,1.091000000000000000e+03
4.949784000000000000e+06,1.088000000000000000e+03
4.950720000000000000e+06,1.081000000000000000e+03
4.951656000000000000e+06,1.031000000000000000e+03
4.952592000000000000e+06,1.081000000000000000e+03
4.953524000000000000e+06,1.076000000000000000e+03
4.954460000000000000e+06,1.069000000000000000e+03
4.955396000000000000e+06,1.059000000000000000e+03
4.956332000000000000e+06,1.064000000000000000e+03
4.957264000000000000e+06,1.027000000000000000e+03
4.958200000000000000e+06,1.027000000000000000e+03
4.959136000000000000e+06,1.084000000000000000e+03
4.960072000000000000e+06,1.068000000000000000e+03
4.961004000000000000e+06,1.088000000000000000e+03
4.961940000000000000e+06,1.084000000000000000e+03
4.962876000000000000e+06,1.047000000000000000e+03
4.963812000000000000e+06,1.049000000000000000e+03
4.964744000000000000e+06,1.063000000000000000e+03
4.965680000000000000e+06,1.029000000000000000e+03
4.966616000000000000e+06,1.030000000000000000e+03
4.967552000000000000e+06,1.043000000000000000e+03
4.968484000000000000e+06,1.028000000000000000e+03
4.969420000000000000e+06,1.054000000000000000e+03
4.970356000000000000e+06,9.970000000000000000e+02
4.971292000000000000e+06,1.027000000000000000e+03
4.972224000000000000e+06,1.064000000000000000e+03
4.973160000000000000e+06,1.049000000000000000e+03
4.974096000000000000e+06,1.066000000000000000e+03
4.975032000000000000e+06,1.048000000000000000e+03
4.975964000000000000e+06,1.042000000000000000e+03
4.976900000000000000e+06,1.045000000000000000e+03
4.977836000000000000e+06,1.033000000000000000e+03
4.978772000000000000e+06,1.065000000000000000e+03
4.979704000000000000e+06,1.101000000000000000e+03
4.980640000000000000e+06,1.094000000000000000e+03
4.981576000000000000e+06,1.064000000000000000e+03
4.982512000000000000e+06,1.044000000000000000e+03
4.984380000000000000e+06,1.043000000000000000e+03
4.985316000000000000e+06,1.034000000000000000e+03
4.986252000000000000e+06,1.026000000000000000e+03
4.987184000000000000e+06,1.020000000000000000e+03
4.988120000000000000e+06,9.930000000000000000e+02
4.989056000000000000e+06,1.010000000000000000e+03
4.989992000000000000e+06,1.029000000000000000e+03
4.990924000000000000e+06,1.022000000000000000e+03
4.991860000000000000e+06,1.034000000000000000e+03
4.992796000000000000e+06,1.055000000000000000e+03
4.993732000000000000e+06,1.055000000000000000e+03
4.994664000000000000e+06,1.022000000000000000e+03
4.995600000000000000e+06,1.049000000000000000e+03
4.996536000000000000e+06,1.074000000000000000e+03
4.997472000000000000e+06,1.076000000000000000e+03
4.998404000000000000e+06,1.091000000000000000e+03
4.999340000000000000e+06,1.075000000000000000e+03
5.000276000000000000e+06,1.067000000000000000e+03
5.001212000000000000e+06,1.049000000000000000e+03
5.002144000000000000e+06,1.047000000000000000e+03
5.003080000000000000e+06,1.034000000000000000e+03
5.004016000000000000e+06,1.026000000000000000e+03
5.004952000000000000e+06,1.074000000000000000e+03
5.005884000000000000e+06,1.034000000000000000e+03
5.006820000000000000e+06,1.029000000000000000e+03
5.007756000000000000e+06,1.067000000000000000e+03
5.008692000000000000e+06,1.063000000000000000e+03
5.009624000000000000e+06,1.056000000000000000e+03
5.010560000000000000e+06,1.027000000000000000e+03
5.011496000000000000e+06,1.065000000000000000e+03
5.012432000000000000e+06,1.068000000000000000e+03
5.013364000000000000e+06,1.053000000000000000e+03
5.014300000000000000e+06,1.052000000000000000e+03
5.015236000000000000e+06,1.072000000000000000e+03
5.016172000000000000e+06,1.070000000000000000e+03
5.017104000000000000e+06,1.053000000000000000e+03
5.018040000000000000e+06,1.040000000000000000e+03
5.018976000000000000e+06,1.044000000000000000e+03
5.019912000000000000e+06,1.081000000000000000e+03
5.020844000000000000e+06,1.031000000000000000e+03
5.021780000000000000e+06,1.057000000000000000e+03
5.022716000000000000e+06,1.031000000000000000e+03
5.023652000000000000e+06,1.071000000000000000e+03
5.024584000000000000e+06,1.047000000000000000e+03
5.025520000000000000e+06,1.059000000000000000e+03
5.026456000000000000e+06,1.073000000000000000e+03
5.027392000000000000e+06,1.035000000000000000e+03
5.028324000000000000e+06,1.115000000000000000e+03
5.029260000000000000e+06,1.078000000000000000e+03
5.030196000000000000e+06,1.063000000000000000e+03
5.031132000000000000e+06,1.063000000000000000e+03
5.032064000000000000e+06,1.028000000000000000e+03
5.033000000000000000e+06,1.044000000000000000e+03
5.033936000000000000e+06,1.068000000000000000e+03
5.034872000000000000e+06,1.037000000000000000e+03
5.035804000000000000e+06,1.025000000000000000e+03
5.036740000000000000e+06,1.063000000000000000e+03
5.037676000000000000e+06,1.065000000000000000e+03
5.038612000000000000e+06,1.047000000000000000e+03
5.039544000000000000e+06,1.048000000000000000e+03
5.040480000000000000e+06,1.029000000000000000e+03
5.041416000000000000e+06,1.065000000000000000e+03
5.042352000000000000e+06,1.064000000000000000e+03
5.043284000000000000e+06,1.057000000000000000e+03
5.044220000000000000e+06,1.068000000000000000e+03
5.045156000000000000e+06,1.053000000000000000e+03
5.046092000000000000e+06,1.067000000000000000e+03
5.047024000000000000e+06,1.032000000000000000e+03
5.047960000000000000e+06,1.039000000000000000e+03
5.049832000000000000e+06,1.087000000000000000e+03
5.050764000000000000e+06,1.025000000000000000e+03
5.051700000000000000e+06,1.037000000000000000e+03
5.052636000000000000e+06,1.026000000000000000e+03
5.053572000000000000e+06,1.075000000000000000e+03
5.054504000000000000e+06,1.069000000000000000e+03
5.055440000000000000e+06,1.037000000000000000e+03
5.056376000000000000e+06,1.037000000000000000e+03
5.057312000000000000e+06,1.087000000000000000e+03
5.058244000000000000e+06,1.111000000000000000e+03
5.059180000000000000e+06,1.041000000000000000e+03
5.060116000000000000e+06,1.053000000000000000e+03
5.061052000000000000e+06,1.065000000000000000e+03
5.061984000000000000e+06,1.066000000000000000e+03
5.062920000000000000e+06,1.063000000000000000e+03
5.063856000000000000e+06,1.026000000000000000e+03
5.064792000000000000e+06,1.075000000000000000e+03
5.065724000000000000e+06,1.084000000000000000e+03
5.066660000000000000e+06,1.034000000000000000e+03
5.067596000000000000e+06,1.027000000000000000e+03
5.068532000000000000e+06,1.051000000000000000e+03
5.069464000000000000e+06,1.063000000000000000e+03
5.070400000000000000e+06,1.029000000000000000e+03
5.071336000000000000e+06,1.066000000000000000e+03
5.072272000000000000e+06,1.041000000000000000e+03
5.073204000000000000e+06,1.057000000000000000e+03
5.074140000000000000e+06,1.074000000000000000e+03
5.075076000000000000e+06,1.079000000000000000e+03
5.076012000000000000e+06,1.027000000000000000e+03
5.076944000000000000e+06,1.064000000000000000e+03
5.077880000000000000e+06,1.075000000000000000e+03
5.078816000000000000e+06,1.077000000000000000e+03
5.079752000000000000e+06,1.035000000000000000e+03
5.080684000000000000e+06,1.080000000000000000e+03
5.081620000000000000e+06,1.060000000000000000e+03
5.082556000000000000e+06,1.051000000000000000e+03
5.083492000000000000e+06,1.054000000000000000e+03
5.084424000000000000e+06,1.047000000000000000e+03
5.085360000000000000e+06,1.073000000000000000e+03
5.086296000000000000e+06,1.049000000000000000e+03
5.087232000000000000e+06,1.077000000000000000e+03
5.088164000000000000e+06,1.077000000000000000e+03
5.089100000000000000e+06,1.102000000000000000e+03
5.090036000000000000e+06,1.073000000000000000e+03
5.090972000000000000e+06,1.023000000000000000e+03
5.091904000000000000e+06,1.028000000000000000e+03
5.092840000000000000e+06,1.018000000000000000e+03
5.093776000000000000e+06,1.028000000000000000e+03
5.094712000000000000e+06,1.056000000000000000e+03
5.095644000000000000e+06,1.051000000000000000e+03
5.096580000000000000e+06,1.065000000000000000e+03
5.097516000000000000e+06,1.031000000000000000e+03
5.098452000000000000e+06,9.920000000000000000e+02
5.099384000000000000e+06,1.047000000000000000e+03
5.100320000000000000e+06,1.076000000000000000e+03
5.101256000000000000e+06,1.029000000000000000e+03
5.102192000000000000e+06,1.031000000000000000e+03
5.103124000000000000e+06,1.020000000000000000e+03
5.104060000000000000e+06,1.057000000000000000e+03
5.104996000000000000e+06,1.077000000000000000e+03
5.105932000000000000e+06,1.088000000000000000e+03
5.106864000000000000e+06,1.039000000000000000e+03
5.107800000000000000e+06,1.032000000000000000e+03
5.108740000000000000e+06,1.029000000000000000e+03
5.109672000000000000e+06,1.029000000000000000e+03
5.110604000000000000e+06,1.070000000000000000e+03
5.111540000000000000e+06,1.051000000000000000e+03
5.112476000000000000e+06,1.042000000000000000e+03
5.113412000000000000e+06,1.040000000000000000e+03
5.114344000000000000e+06,1.034000000000000000e+03
5.115280000000000000e+06,1.055000000000000000e+03
5.116216000000000000e+06,1.071000000000000000e+03
5.117152000000000000e+06,1.035000000000000000e+03
5.118084000000000000e+06,1.052000000000000000e+03
5.119020000000000000e+06,1.074000000000000000e+03
5.119956000000000000e+06,1.037000000000000000e+03
5.120892000000000000e+06,1.032000000000000000e+03
5.121824000000000000e+06,1.040000000000000000e+03
5.122760000000000000e+06,1.070000000000000000e+03
5.123696000000000000e+06,1.067000000000000000e+03
5.124632000000000000e+06,1.086000000000000000e+03
5.125564000000000000e+06,1.081000000000000000e+03
5.126500000000000000e+06,1.040000000000000000e+03
5.127436000000000000e+06,1.058000000000000000e+03
5.128372000000000000e+06,1.007000000000000000e+03
5.129304000000000000e+06,1.040000000000000000e+03
5.130248000000000000e+06,1.033000000000000000e+03
5.131176000000000000e+06,1.062000000000000000e+03
5.132112000000000000e+06,1.033000000000000000e+03
5.133044000000000000e+06,1.073000000000000000e+03
5.133980000000000000e+06,1.078000000000000000e+03
5.134916000000000000e+06,1.085000000000000000e+03
5.135852000000000000e+06,1.072000000000000000e+03
5.136784000000000000e+06,1.060000000000000000e+03
5.137720000000000000e+06,1.089000000000000000e+03
5.138656000000000000e+06,1.065000000000000000e+03
5.139592000000000000e+06,1.042000000000000000e+03
5.140524000000000000e+06,1.040000000000000000e+03
5.141460000000000000e+06,1.040000000000000000e+03
5.142396000000000000e+06,1.037000000000000000e+03
5.143332000000000000e+06,1.066000000000000000e+03
5.144264000000000000e+06,1.065000000000000000e+03
5.145200000000000000e+06,1.043000000000000000e+03
5.146136000000000000e+06,1.063000000000000000e+03
5.147072000000000000e+06,1.039000000000000000e+03
5.148004000000000000e+06,1.035000000000000000e+03
5.148940000000000000e+06,1.033000000000000000e+03
5.149876000000000000e+06,1.069000000000000000e+03
5.150812000000000000e+06,1.054000000000000000e+03
5.151752000000000000e+06,1.047000000000000000e+03
5.152680000000000000e+06,1.071000000000000000e+03
5.153616000000000000e+06,1.023000000000000000e+03
5.154552000000000000e+06,1.054000000000000000e+03
5.155484000000000000e+06,1.071000000000000000e+03
5.156420000000000000e+06,1.000000000000000000e+03
5.157356000000000000e+06,1.010000000000000000e+03
5.158292000000000000e+06,1.048000000000000000e+03
5.159224000000000000e+06,1.080000000000000000e+03
5.160160000000000000e+06,1.037000000000000000e+03
5.161096000000000000e+06,1.063000000000000000e+03
5.162032000000000000e+06,1.075000000000000000e+03
5.162964000000000000e+06,1.060000000000000000e+03
5.163900000000000000e+06,1.033000000000000000e+03
5.164836000000000000e+06,1.033000000000000000e+03
5.165772000000000000e+06,1.034000000000000000e+03
5.166704000000000000e+06,1.033000000000000000e+03
5.167640000000000000e+06,1.063000000000000000e+03
5.168576000000000000e+06,1.034000000000000000e+03
5.169512000000000000e+06,1.034000000000000000e+03
5.170444000000000000e+06,1.043000000000000000e+03
5.171380000000000000e+06,1.064000000000000000e+03
5.172316000000000000e+06,1.084000000000000000e+03
5.173256000000000000e+06,1.066000000000000000e+03
5.174184000000000000e+06,1.019000000000000000e+03
5.175120000000000000e+06,1.040000000000000000e+03
5.176056000000000000e+06,1.019000000000000000e+03
5.176992000000000000e+06,1.045000000000000000e+03
5.177924000000000000e+06,1.070000000000000000e+03
5.178860000000000000e+06,1.087000000000000000e+03
5.179796000000000000e+06,1.071000000000000000e+03
5.180732000000000000e+06,1.076000000000000000e+03
5.181664000000000000e+06,1.047000000000000000e+03
5.182600000000000000e+06,1.022000000000000000e+03
5.183536000000000000e+06,1.044000000000000000e+03
5.184472000000000000e+06,1.052000000000000000e+03
5.185404000000000000e+06,1.064000000000000000e+03
5.186340000000000000e+06,1.059000000000000000e+03
5.187276000000000000e+06,1.073000000000000000e+03
5.188212000000000000e+06,1.085000000000000000e+03
5.189144000000000000e+06,1.029000000000000000e+03
5.190080000000000000e+06,1.055000000000000000e+03
5.191016000000000000e+06,1.037000000000000000e+03
5.191952000000000000e+06,1.051000000000000000e+03
5.192884000000000000e+06,1.070000000000000000e+03
5.193820000000000000e+06,1.063000000000000000e+03
5.194764000000000000e+06,1.078000000000000000e+03
5.195692000000000000e+06,1.070000000000000000e+03
5.196624000000000000e+06,1.026000000000000000e+03
5.197560000000000000e+06,1.038000000000000000e+03
5.198496000000000000e+06,1.005000000000000000e+03
5.199432000000000000e+06,1.064000000000000000e+03
5.200364000000000000e+06,1.093000000000000000e+03
5.201300000000000000e+06,1.044000000000000000e+03
5.202236000000000000e+06,1.066000000000000000e+03
5.203172000000000000e+06,1.057000000000000000e+03
5.204104000000000000e+06,1.067000000000000000e+03
5.205040000000000000e+06,1.052000000000000000e+03
5.205976000000000000e+06,1.032000000000000000e+03
5.206912000000000000e+06,1.045000000000000000e+03
5.207844000000000000e+06,1.112000000000000000e+03
5.208780000000000000e+06,1.093000000000000000e+03
5.209716000000000000e+06,1.055000000000000000e+03
5.210652000000000000e+06,1.054000000000000000e+03
5.211584000000000000e+06,1.038000000000000000e+03
5.212520000000000000e+06,1.044000000000000000e+03
5.213456000000000000e+06,1.027000000000000000e+03
5.214392000000000000e+06,1.063000000000000000e+03
5.215324000000000000e+06,1.065000000000000000e+03
5.216268000000000000e+06,1.065000000000000000e+03
5.217196000000000000e+06,1.073000000000000000e+03
5.218132000000000000e+06,1.108000000000000000e+03
5.219064000000000000e+06,1.071000000000000000e+03
5.220000000000000000e+06,1.078000000000000000e+03
5.220936000000000000e+06,1.056000000000000000e+03
5.221872000000000000e+06,1.055000000000000000e+03
5.222804000000000000e+06,1.026000000000000000e+03
5.223740000000000000e+06,1.036000000000000000e+03
5.224676000000000000e+06,1.026000000000000000e+03
5.225612000000000000e+06,1.034000000000000000e+03
5.226544000000000000e+06,1.067000000000000000e+03
5.227480000000000000e+06,1.039000000000000000e+03
5.228416000000000000e+06,1.081000000000000000e+03
5.229352000000000000e+06,1.072000000000000000e+03
5.230284000000000000e+06,1.044000000000000000e+03
5.231220000000000000e+06,1.041000000000000000e+03
5.232156000000000000e+06,1.056000000000000000e+03
5.233092000000000000e+06,1.055000000000000000e+03
5.234024000000000000e+06,1.042000000000000000e+03
5.234960000000000000e+06,1.032000000000000000e+03
5.235896000000000000e+06,1.051000000000000000e+03
5.236832000000000000e+06,1.063000000000000000e+03
5.237772000000000000e+06,1.045000000000000000e+03
5.238700000000000000e+06,1.045000000000000000e+03
5.239636000000000000e+06,1.015000000000000000e+03
5.240572000000000000e+06,1.068000000000000000e+03
5.241504000000000000e+06,1.086000000000000000e+03
5.242440000000000000e+06,1.066000000000000000e+03
5.243376000000000000e+06,1.107000000000000000e+03
5.244312000000000000e+06,1.061000000000000000e+03
5.245244000000000000e+06,1.030000000000000000e+03
5.246180000000000000e+06,1.044000000000000000e+03
5.247116000000000000e+06,1.054000000000000000e+03
5.248052000000000000e+06,1.049000000000000000e+03
5.248984000000000000e+06,1.028000000000000000e+03
5.249920000000000000e+06,1.072000000000000000e+03
5.250856000000000000e+06,1.082000000000000000e+03
5.251792000000000000e+06,1.048000000000000000e+03
5.252724000000000000e+06,1.040000000000000000e+03
5.253660000000000000e+06,1.063000000000000000e+03
5.254596000000000000e+06,1.018000000000000000e+03
5.255532000000000000e+06,1.045000000000000000e+03
5.256464000000000000e+06,1.049000000000000000e+03
5.257400000000000000e+06,1.075000000000000000e+03
5.258336000000000000e+06,1.056000000000000000e+03
5.259276000000000000e+06,1.053000000000000000e+03
5.260204000000000000e+06,1.045000000000000000e+03
5.261140000000000000e+06,1.051000000000000000e+03
5.262076000000000000e+06,1.057000000000000000e+03
5.263012000000000000e+06,1.050000000000000000e+03
5.263944000000000000e+06,1.084000000000000000e+03
5.264880000000000000e+06,1.031000000000000000e+03
5.265816000000000000e+06,1.032000000000000000e+03
5.266752000000000000e+06,1.064000000000000000e+03
5.267684000000000000e+06,1.020000000000000000e+03
5.268620000000000000e+06,1.020000000000000000e+03
5.269556000000000000e+06,1.019000000000000000e+03
5.270492000000000000e+06,1.079000000000000000e+03
5.271424000000000000e+06,1.062000000000000000e+03
5.272360000000000000e+06,1.040000000000000000e+03
5.273296000000000000e+06,1.030000000000000000e+03
5.274232000000000000e+06,1.026000000000000000e+03
5.275164000000000000e+06,1.063000000000000000e+03
5.276100000000000000e+06,1.029000000000000000e+03
5.277036000000000000e+06,1.074000000000000000e+03
5.277972000000000000e+06,1.066000000000000000e+03
5.278904000000000000e+06,1.078000000000000000e+03
5.279840000000000000e+06,1.057000000000000000e+03
5.280784000000000000e+06,1.062000000000000000e+03
5.281712000000000000e+06,1.045000000000000000e+03
5.282644000000000000e+06,1.074000000000000000e+03
5.283580000000000000e+06,1.054000000000000000e+03
5.284516000000000000e+06,1.033000000000000000e+03
5.285452000000000000e+06,1.072000000000000000e+03
5.286384000000000000e+06,1.069000000000000000e+03
5.287320000000000000e+06,1.054000000000000000e+03
5.288256000000000000e+06,1.081000000000000000e+03
5.289192000000000000e+06,1.055000000000000000e+03
5.290124000000000000e+06,1.047000000000000000e+03
5.291060000000000000e+06,1.071000000000000000e+03
5.291996000000000000e+06,1.049000000000000000e+03
5.292932000000000000e+06,1.026000000000000000e+03
5.293864000000000000e+06,1.041000000000000000e+03
5.294800000000000000e+06,1.079000000000000000e+03
5.295736000000000000e+06,1.037000000000000000e+03
5.296672000000000000e+06,1.051000000000000000e+03
5.297604000000000000e+06,1.064000000000000000e+03
5.298540000000000000e+06,1.066000000000000000e+03
5.299476000000000000e+06,1.030000000000000000e+03
5.300412000000000000e+06,1.092000000000000000e+03
5.301344000000000000e+06,1.068000000000000000e+03
5.302288000000000000e+06,1.048000000000000000e+03
5.303216000000000000e+06,1.067000000000000000e+03
5.304152000000000000e+06,1.036000000000000000e+03
5.305084000000000000e+06,1.056000000000000000e+03
5.306020000000000000e+06,1.057000000000000000e+03
5.306956000000000000e+06,1.083000000000000000e+03
5.307892000000000000e+06,1.005000000000000000e+03
5.308824000000000000e+06,1.017000000000000000e+03
5.309760000000000000e+06,1.046000000000000000e+03
5.310696000000000000e+06,1.027000000000000000e+03
5.311632000000000000e+06,1.021000000000000000e+03
5.312564000000000000e+06,1.046000000000000000e+03
5.313500000000000000e+06,1.063000000000000000e+03
5.314436000000000000e+06,1.080000000000000000e+03
5.315372000000000000e+06,1.039000000000000000e+03
5.316304000000000000e+06,1.073000000000000000e+03
5.317240000000000000e+06,1.051000000000000000e+03
5.318176000000000000e+06,1.077000000000000000e+03
5.319112000000000000e+06,1.053000000000000000e+03
5.320044000000000000e+06,1.027000000000000000e+03
5.320980000000000000e+06,1.061000000000000000e+03
5.321916000000000000e+06,1.039000000000000000e+03
5.322852000000000000e+06,1.046000000000000000e+03
5.323792000000000000e+06,1.061000000000000000e+03
5.324720000000000000e+06,1.041000000000000000e+03
5.325656000000000000e+06,1.065000000000000000e+03
5.326592000000000000e+06,1.038000000000000000e+03
5.327524000000000000e+06,1.017000000000000000e+03
5.328460000000000000e+06,1.016000000000000000e+03
5.329396000000000000e+06,1.079000000000000000e+03
5.330332000000000000e+06,1.025000000000000000e+03
5.331264000000000000e+06,1.026000000000000000e+03
5.332200000000000000e+06,1.010000000000000000e+03
5.333136000000000000e+06,1.022000000000000000e+03
5.334072000000000000e+06,1.083000000000000000e+03
5.335004000000000000e+06,1.079000000000000000e+03
5.335940000000000000e+06,1.048000000000000000e+03
5.336876000000000000e+06,1.049000000000000000e+03
5.337812000000000000e+06,1.099000000000000000e+03
5.338744000000000000e+06,1.061000000000000000e+03
5.339680000000000000e+06,1.024000000000000000e+03
5.340616000000000000e+06,1.067000000000000000e+03
5.341552000000000000e+06,1.031000000000000000e+03
5.342484000000000000e+06,1.048000000000000000e+03
5.343420000000000000e+06,1.066000000000000000e+03
5.344356000000000000e+06,1.076000000000000000e+03
5.345296000000000000e+06,1.056000000000000000e+03
5.346224000000000000e+06,1.059000000000000000e+03
5.347160000000000000e+06,1.033000000000000000e+03
5.348096000000000000e+06,1.037000000000000000e+03
5.349032000000000000e+06,1.093000000000000000e+03
5.349964000000000000e+06,1.051000000000000000e+03
5.350900000000000000e+06,1.061000000000000000e+03
5.351836000000000000e+06,1.068000000000000000e+03
5.352772000000000000e+06,1.078000000000000000e+03
5.353704000000000000e+06,1.041000000000000000e+03
5.354640000000000000e+06,1.017000000000000000e+03
5.355576000000000000e+06,1.063000000000000000e+03
5.356512000000000000e+06,1.052000000000000000e+03
5.357444000000000000e+06,1.084000000000000000e+03
5.358380000000000000e+06,1.032000000000000000e+03
5.359316000000000000e+06,1.075000000000000000e+03
5.360252000000000000e+06,1.053000000000000000e+03
5.361184000000000000e+06,1.059000000000000000e+03
5.362120000000000000e+06,1.069000000000000000e+03
5.363056000000000000e+06,1.077000000000000000e+03
5.363992000000000000e+06,1.047000000000000000e+03
5.364924000000000000e+06,1.022000000000000000e+03
5.365860000000000000e+06,1.057000000000000000e+03
5.366800000000000000e+06,1.067000000000000000e+03
5.367732000000000000e+06,1.027000000000000000e+03
5.368664000000000000e+06,1.049000000000000000e+03
5.369600000000000000e+06,1.081000000000000000e+03
5.370536000000000000e+06,1.094000000000000000e+03
5.371472000000000000e+06,1.084000000000000000e+03
5.372404000000000000e+06,1.064000000000000000e+03
5.373340000000000000e+06,1.063000000000000000e+03
5.374276000000000000e+06,1.030000000000000000e+03
5.375212000000000000e+06,1.044000000000000000e+03
5.376144000000000000e+06,1.054000000000000000e+03
5.377080000000000000e+06,1.064000000000000000e+03
5.378016000000000000e+06,1.005000000000000000e+03
5.378952000000000000e+06,1.082000000000000000e+03
5.379884000000000000e+06,1.082000000000000000e+03
5.380820000000000000e+06,1.035000000000000000e+03
5.381756000000000000e+06,1.040000000000000000e+03
5.382692000000000000e+06,1.029000000000000000e+03
5.383624000000000000e+06,1.070000000000000000e+03
5.384560000000000000e+06,1.044000000000000000e+03
5.385496000000000000e+06,1.049000000000000000e+03
5.386432000000000000e+06,1.076000000000000000e+03
5.387364000000000000e+06,1.113000000000000000e+03
5.388308000000000000e+06,1.058000000000000000e+03
5.389236000000000000e+06,1.025000000000000000e+03
5.390172000000000000e+06,1.079000000000000000e+03
5.391104000000000000e+06,1.007000000000000000e+03
5.392040000000000000e+06,1.055000000000000000e+03
5.392976000000000000e+06,1.065000000000000000e+03
5.393912000000000000e+06,1.095000000000000000e+03
5.394844000000000000e+06,1.087000000000000000e+03
5.395780000000000000e+06,1.087000000000000000e+03
5.396716000000000000e+06,1.054000000000000000e+03
5.397652000000000000e+06,1.100000000000000000e+03
5.398584000000000000e+06,1.079000000000000000e+03
5.399520000000000000e+06,1.062000000000000000e+03
5.400456000000000000e+06,1.071000000000000000e+03
5.401392000000000000e+06,1.026000000000000000e+03
5.402324000000000000e+06,1.053000000000000000e+03
5.403260000000000000e+06,1.065000000000000000e+03
5.404196000000000000e+06,1.068000000000000000e+03
5.405132000000000000e+06,1.064000000000000000e+03
5.406064000000000000e+06,1.051000000000000000e+03
5.407000000000000000e+06,1.067000000000000000e+03
5.407936000000000000e+06,1.042000000000000000e+03
5.408872000000000000e+06,1.000000000000000000e+03
5.409812000000000000e+06,1.034000000000000000e+03
5.410740000000000000e+06,1.034000000000000000e+03
5.411676000000000000e+06,1.039000000000000000e+03
5.412612000000000000e+06,1.069000000000000000e+03
5.413544000000000000e+06,1.085000000000000000e+03
5.414480000000000000e+06,1.088000000000000000e+03
5.415416000000000000e+06,1.082000000000000000e+03
5.416352000000000000e+06,1.034000000000000000e+03
5.417284000000000000e+06,1.017000000000000000e+03
5.418220000000000000e+06,1.082000000000000000e+03
5.419156000000000000e+06,1.091000000000000000e+03
5.420092000000000000e+06,1.041000000000000000e+03
5.421024000000000000e+06,1.068000000000000000e+03
5.421960000000000000e+06,1.039000000000000000e+03
5.422896000000000000e+06,1.071000000000000000e+03
5.423832000000000000e+06,1.065000000000000000e+03
5.424764000000000000e+06,1.050000000000000000e+03
5.425700000000000000e+06,1.023000000000000000e+03
5.426636000000000000e+06,1.066000000000000000e+03
5.427572000000000000e+06,1.010000000000000000e+03
5.428504000000000000e+06,1.066000000000000000e+03
5.429440000000000000e+06,1.040000000000000000e+03
5.430376000000000000e+06,1.036000000000000000e+03
5.431316000000000000e+06,1.058000000000000000e+03
5.432244000000000000e+06,1.036000000000000000e+03
5.433180000000000000e+06,1.029000000000000000e+03
5.434116000000000000e+06,1.015000000000000000e+03
5.435052000000000000e+06,1.053000000000000000e+03
5.435984000000000000e+06,1.083000000000000000e+03
5.436920000000000000e+06,1.039000000000000000e+03
5.437856000000000000e+06,1.105000000000000000e+03
5.438792000000000000e+06,1.081000000000000000e+03
5.439724000000000000e+06,1.069000000000000000e+03
5.440660000000000000e+06,1.072000000000000000e+03
5.441596000000000000e+06,1.055000000000000000e+03
5.442532000000000000e+06,1.049000000000000000e+03
5.443464000000000000e+06,1.069000000000000000e+03
5.444400000000000000e+06,1.071000000000000000e+03
5.445336000000000000e+06,1.053000000000000000e+03
5.446272000000000000e+06,1.076000000000000000e+03
5.447204000000000000e+06,1.035000000000000000e+03
5.448140000000000000e+06,1.067000000000000000e+03
5.449076000000000000e+06,1.045000000000000000e+03
5.450012000000000000e+06,1.072000000000000000e+03
5.450944000000000000e+06,1.079000000000000000e+03
5.451880000000000000e+06,1.040000000000000000e+03
5.452820000000000000e+06,1.072000000000000000e+03
5.453752000000000000e+06,1.062000000000000000e+03
5.454684000000000000e+06,1.054000000000000000e+03
5.455620000000000000e+06,1.051000000000000000e+03
5.456556000000000000e+06,1.041000000000000000e+03
5.457492000000000000e+06,1.026000000000000000e+03
5.458424000000000000e+06,1.054000000000000000e+03
5.459360000000000000e+06,1.066000000000000000e+03
5.460296000000000000e+06,1.038000000000000000e+03
5.461232000000000000e+06,1.070000000000000000e+03
5.462164000000000000e+06,1.081000000000000000e+03
5.463100000000000000e+06,1.045000000000000000e+03
5.464036000000000000e+06,1.056000000000000000e+03
5.464972000000000000e+06,1.066000000000000000e+03
5.465904000000000000e+06,1.049000000000000000e+03
5.466840000000000000e+06,1.056000000000000000e+03
5.467776000000000000e+06,1.067000000000000000e+03
5.468712000000000000e+06,1.022000000000000000e+03
5.469644000000000000e+06,1.085000000000000000e+03
5.470580000000000000e+06,1.094000000000000000e+03
5.471516000000000000e+06,1.071000000000000000e+03
5.472452000000000000e+06,1.069000000000000000e+03
5.473384000000000000e+06,1.069000000000000000e+03
5.474324000000000000e+06,1.072000000000000000e+03
5.475256000000000000e+06,1.050000000000000000e+03
5.476192000000000000e+06,1.057000000000000000e+03
5.477124000000000000e+06,1.057000000000000000e+03
5.478060000000000000e+06,1.037000000000000000e+03
5.478996000000000000e+06,1.015000000000000000e+03
5.479932000000000000e+06,1.072000000000000000e+03
5.480864000000000000e+06,1.066000000000000000e+03
5.481800000000000000e+06,1.056000000000000000e+03
5.482736000000000000e+06,1.040000000000000000e+03
5.483672000000000000e+06,1.050000000000000000e+03
5.484604000000000000e+06,1.067000000000000000e+03
5.485540000000000000e+06,1.076000000000000000e+03
5.486476000000000000e+06,1.089000000000000000e+03
5.487412000000000000e+06,1.072000000000000000e+03
5.488344000000000000e+06,1.021000000000000000e+03
5.489280000000000000e+06,1.029000000000000000e+03
5.490216000000000000e+06,1.034000000000000000e+03
5.491152000000000000e+06,1.066000000000000000e+03
5.492084000000000000e+06,1.065000000000000000e+03
5.493020000000000000e+06,1.064000000000000000e+03
5.493956000000000000e+06,1.079000000000000000e+03
5.494892000000000000e+06,1.046000000000000000e+03
5.495828000000000000e+06,1.083000000000000000e+03
5.496760000000000000e+06,1.079000000000000000e+03
5.497696000000000000e+06,1.014000000000000000e+03
5.498632000000000000e+06,1.068000000000000000e+03
5.499564000000000000e+06,1.051000000000000000e+03
5.500500000000000000e+06,1.066000000000000000e+03
5.501436000000000000e+06,1.047000000000000000e+03
5.502372000000000000e+06,1.058000000000000000e+03
5.503304000000000000e+06,1.066000000000000000e+03
5.504240000000000000e+06,1.060000000000000000e+03
5.505176000000000000e+06,1.053000000000000000e+03
5.506112000000000000e+06,1.051000000000000000e+03
5.507044000000000000e+06,1.054000000000000000e+03
5.507980000000000000e+06,1.040000000000000000e+03
5.508916000000000000e+06,1.017000000000000000e+03
5.509852000000000000e+06,1.038000000000000000e+03
5.510784000000000000e+06,1.025000000000000000e+03
5.511720000000000000e+06,1.039000000000000000e+03
5.512656000000000000e+06,1.064000000000000000e+03
5.513592000000000000e+06,1.079000000000000000e+03
5.514524000000000000e+06,1.058000000000000000e+03
5.515460000000000000e+06,1.037000000000000000e+03
5.516396000000000000e+06,1.017000000000000000e+03
5.517332000000000000e+06,1.018000000000000000e+03
5.518264000000000000e+06,1.086000000000000000e+03
5.519200000000000000e+06,1.047000000000000000e+03
5.520136000000000000e+06,1.075000000000000000e+03
5.521072000000000000e+06,1.067000000000000000e+03
5.522004000000000000e+06,1.091000000000000000e+03
5.522940000000000000e+06,1.082000000000000000e+03
5.523876000000000000e+06,1.033000000000000000e+03
5.524812000000000000e+06,1.036000000000000000e+03
5.525744000000000000e+06,1.042000000000000000e+03
5.526680000000000000e+06,1.051000000000000000e+03
5.527616000000000000e+06,1.068000000000000000e+03
5.528552000000000000e+06,1.069000000000000000e+03
5.529484000000000000e+06,1.030000000000000000e+03
5.530420000000000000e+06,1.038000000000000000e+03
5.531356000000000000e+06,1.090000000000000000e+03
5.532292000000000000e+06,1.073000000000000000e+03
5.533224000000000000e+06,1.051000000000000000e+03
5.534160000000000000e+06,1.030000000000000000e+03
5.535096000000000000e+06,1.055000000000000000e+03
5.536032000000000000e+06,1.075000000000000000e+03
5.536964000000000000e+06,1.025000000000000000e+03
5.537900000000000000e+06,1.044000000000000000e+03
5.538836000000000000e+06,1.044000000000000000e+03
5.539772000000000000e+06,1.030000000000000000e+03
5.540704000000000000e+06,1.056000000000000000e+03
5.541640000000000000e+06,1.017000000000000000e+03
5.542576000000000000e+06,1.055000000000000000e+03
5.543512000000000000e+06,1.032000000000000000e+03
5.544444000000000000e+06,1.045000000000000000e+03
5.545380000000000000e+06,1.073000000000000000e+03
5.546316000000000000e+06,1.077000000000000000e+03
5.547252000000000000e+06,1.087000000000000000e+03
5.548184000000000000e+06,1.047000000000000000e+03
5.549120000000000000e+06,1.067000000000000000e+03
5.550056000000000000e+06,1.023000000000000000e+03
5.550992000000000000e+06,1.034000000000000000e+03
5.551924000000000000e+06,1.035000000000000000e+03
5.552860000000000000e+06,1.033000000000000000e+03
5.553796000000000000e+06,1.059000000000000000e+03
5.554732000000000000e+06,1.091000000000000000e+03
5.555664000000000000e+06,1.073000000000000000e+03
5.556600000000000000e+06,1.045000000000000000e+03
5.557536000000000000e+06,1.063000000000000000e+03
5.558472000000000000e+06,1.057000000000000000e+03
5.559404000000000000e+06,1.061000000000000000e+03
5.560340000000000000e+06,1.048000000000000000e+03
5.561276000000000000e+06,1.054000000000000000e+03
5.562212000000000000e+06,1.041000000000000000e+03
5.563144000000000000e+06,1.062000000000000000e+03
5.564080000000000000e+06,1.078000000000000000e+03
5.565016000000000000e+06,1.056000000000000000e+03
5.565952000000000000e+06,1.017000000000000000e+03
5.566884000000000000e+06,1.036000000000000000e+03
5.567820000000000000e+06,1.074000000000000000e+03
5.568756000000000000e+06,1.099000000000000000e+03
5.569692000000000000e+06,1.045000000000000000e+03
5.570624000000000000e+06,1.072000000000000000e+03
5.571560000000000000e+06,1.075000000000000000e+03
5.572496000000000000e+06,1.072000000000000000e+03
5.573432000000000000e+06,1.067000000000000000e+03
5.574364000000000000e+06,1.062000000000000000e+03
5.575300000000000000e+06,1.069000000000000000e+03
5.576236000000000000e+06,1.058000000000000000e+03
5.577172000000000000e+06,1.049000000000000000e+03
5.578104000000000000e+06,1.026000000000000000e+03
5.579040000000000000e+06,1.033000000000000000e+03
5.579976000000000000e+06,1.029000000000000000e+03
5.580912000000000000e+06,1.006000000000000000e+03
5.581844000000000000e+06,1.045000000000000000e+03
5.582780000000000000e+06,1.085000000000000000e+03
5.583716000000000000e+06,1.082000000000000000e+03
5.584652000000000000e+06,1.057000000000000000e+03
5.585584000000000000e+06,1.062000000000000000e+03
5.586520000000000000e+06,1.017000000000000000e+03
5.587456000000000000e+06,1.027000000000000000e+03
5.588392000000000000e+06,1.027000000000000000e+03
5.589324000000000000e+06,1.055000000000000000e+03
5.590260000000000000e+06,1.044000000000000000e+03
5.591196000000000000e+06,1.068000000000000000e+03
5.592132000000000000e+06,1.069000000000000000e+03
5.593064000000000000e+06,1.025000000000000000e+03
5.594000000000000000e+06,1.049000000000000000e+03
5.594936000000000000e+06,1.023000000000000000e+03
5.595872000000000000e+06,1.036000000000000000e+03
5.596804000000000000e+06,1.056000000000000000e+03
5.597740000000000000e+06,1.055000000000000000e+03
5.598676000000000000e+06,1.032000000000000000e+03
5.599612000000000000e+06,1.033000000000000000e+03
5.600544000000000000e+06,1.053000000000000000e+03
5.601480000000000000e+06,1.033000000000000000e+03
5.602416000000000000e+06,1.041000000000000000e+03
5.603352000000000000e+06,1.062000000000000000e+03
5.604284000000000000e+06,1.042000000000000000e+03
5.605220000000000000e+06,1.005000000000000000e+03
5.606156000000000000e+06,1.041000000000000000e+03
5.607092000000000000e+06,1.078000000000000000e+03
5.608024000000000000e+06,1.097000000000000000e+03
5.608960000000000000e+06,1.073000000000000000e+03
5.609896000000000000e+06,1.030000000000000000e+03
5.610832000000000000e+06,1.018000000000000000e+03
5.611764000000000000e+06,1.033000000000000000e+03
5.612700000000000000e+06,1.045000000000000000e+03
5.613636000000000000e+06,1.048000000000000000e+03
5.614572000000000000e+06,1.073000000000000000e+03
5.615504000000000000e+06,1.075000000000000000e+03
5.616440000000000000e+06,1.062000000000000000e+03
5.617376000000000000e+06,1.054000000000000000e+03
5.618312000000000000e+06,1.063000000000000000e+03
5.619244000000000000e+06,1.068000000000000000e+03
5.620180000000000000e+06,1.078000000000000000e+03
5.621116000000000000e+06,1.064000000000000000e+03
5.622052000000000000e+06,1.064000000000000000e+03
5.622984000000000000e+06,1.035000000000000000e+03
5.623920000000000000e+06,1.051000000000000000e+03
5.624856000000000000e+06,1.022000000000000000e+03
5.625792000000000000e+06,1.077000000000000000e+03
5.626724000000000000e+06,1.074000000000000000e+03
5.627660000000000000e+06,1.079000000000000000e+03
5.628596000000000000e+06,1.060000000000000000e+03
5.629532000000000000e+06,1.065000000000000000e+03
5.630464000000000000e+06,1.031000000000000000e+03
5.631400000000000000e+06,1.049000000000000000e+03
5.632336000000000000e+06,1.067000000000000000e+03
5.633272000000000000e+06,1.069000000000000000e+03
5.634204000000000000e+06,1.067000000000000000e+03
5.635140000000000000e+06,1.042000000000000000e+03
5.636076000000000000e+06,1.059000000000000000e+03
5.637012000000000000e+06,1.051000000000000000e+03
5.637944000000000000e+06,1.063000000000000000e+03
5.639816000000000000e+06,1.069000000000000000e+03
5.640752000000000000e+06,1.041000000000000000e+03
5.641684000000000000e+06,1.038000000000000000e+03
5.642620000000000000e+06,1.066000000000000000e+03
5.643556000000000000e+06,1.037000000000000000e+03
5.644492000000000000e+06,1.028000000000000000e+03
5.645424000000000000e+06,1.061000000000000000e+03
5.646360000000000000e+06,1.073000000000000000e+03
5.647296000000000000e+06,1.057000000000000000e+03
5.648232000000000000e+06,1.034000000000000000e+03
5.649164000000000000e+06,1.065000000000000000e+03
5.650100000000000000e+06,1.027000000000000000e+03
5.651036000000000000e+06,1.041000000000000000e+03
5.651972000000000000e+06,1.043000000000000000e+03
5.652904000000000000e+06,1.053000000000000000e+03
5.653840000000000000e+06,1.061000000000000000e+03
5.654776000000000000e+06,1.071000000000000000e+03
5.655712000000000000e+06,1.077000000000000000e+03
5.656644000000000000e+06,1.067000000000000000e+03
5.657580000000000000e+06,1.033000000000000000e+03
5.658516000000000000e+06,1.061000000000000000e+03
5.659452000000000000e+06,1.027000000000000000e+03
5.660384000000000000e+06,1.049000000000000000e+03
5.661320000000000000e+06,1.064000000000000000e+03
5.662256000000000000e+06,1.060000000000000000e+03
5.663192000000000000e+06,1.059000000000000000e+03
5.664124000000000000e+06,1.087000000000000000e+03
5.665060000000000000e+06,1.061000000000000000e+03
5.665996000000000000e+06,1.061000000000000000e+03
5.666932000000000000e+06,1.079000000000000000e+03
5.667864000000000000e+06,1.013000000000000000e+03
5.668800000000000000e+06,1.071000000000000000e+03
5.669736000000000000e+06,1.086000000000000000e+03
5.670672000000000000e+06,1.055000000000000000e+03
5.671604000000000000e+06,1.061000000000000000e+03
5.672540000000000000e+06,1.079000000000000000e+03
5.673476000000000000e+06,1.080000000000000000e+03
5.674412000000000000e+06,1.039000000000000000e+03
5.675344000000000000e+06,1.014000000000000000e+03
5.676280000000000000e+06,1.044000000000000000e+03
5.677216000000000000e+06,9.980000000000000000e+02
5.678152000000000000e+06,1.090000000000000000e+03
5.679084000000000000e+06,1.057000000000000000e+03
5.680020000000000000e+06,1.043000000000000000e+03
5.680956000000000000e+06,1.067000000000000000e+03
5.681892000000000000e+06,1.071000000000000000e+03
5.682824000000000000e+06,1.052000000000000000e+03
5.683760000000000000e+06,1.063000000000000000e+03
5.684696000000000000e+06,1.048000000000000000e+03
5.685632000000000000e+06,1.055000000000000000e+03
5.686564000000000000e+06,1.029000000000000000e+03
5.687500000000000000e+06,1.098000000000000000e+03
5.688436000000000000e+06,1.047000000000000000e+03
5.689372000000000000e+06,1.039000000000000000e+03
5.690304000000000000e+06,1.072000000000000000e+03
5.691240000000000000e+06,1.057000000000000000e+03
5.692176000000000000e+06,1.061000000000000000e+03
5.693112000000000000e+06,1.024000000000000000e+03
5.694044000000000000e+06,1.031000000000000000e+03
5.694980000000000000e+06,1.058000000000000000e+03
5.695916000000000000e+06,1.073000000000000000e+03
5.696852000000000000e+06,1.032000000000000000e+03
5.697784000000000000e+06,1.020000000000000000e+03
5.698720000000000000e+06,1.083000000000000000e+03
5.699656000000000000e+06,1.080000000000000000e+03
5.700592000000000000e+06,1.038000000000000000e+03
5.701524000000000000e+06,1.038000000000000000e+03
5.702460000000000000e+06,1.023000000000000000e+03
5.703396000000000000e+06,1.022000000000000000e+03
5.705264000000000000e+06,1.051000000000000000e+03
5.706200000000000000e+06,1.042000000000000000e+03
5.707136000000000000e+06,1.055000000000000000e+03
5.708072000000000000e+06,1.013000000000000000e+03
5.709004000000000000e+06,1.058000000000000000e+03
5.709940000000000000e+06,1.075000000000000000e+03
5.710876000000000000e+06,1.066000000000000000e+03
5.711812000000000000e+06,1.034000000000000000e+03
5.712744000000000000e+06,1.033000000000000000e+03
5.713680000000000000e+06,1.048000000000000000e+03
5.714616000000000000e+06,1.058000000000000000e+03
5.715552000000000000e+06,1.064000000000000000e+03
5.716484000000000000e+06,1.034000000000000000e+03
5.717420000000000000e+06,1.020000000000000000e+03
5.718356000000000000e+06,1.074000000000000000e+03
5.719292000000000000e+06,1.037000000000000000e+03
5.720224000000000000e+06,1.029000000000000000e+03
5.721160000000000000e+06,1.033000000000000000e+03
5.722096000000000000e+06,1.038000000000000000e+03
5.723032000000000000e+06,1.034000000000000000e+03
5.723964000000000000e+06,1.032000000000000000e+03
5.724900000000000000e+06,1.039000000000000000e+03
5.725836000000000000e+06,1.019000000000000000e+03
5.726772000000000000e+06,1.071000000000000000e+03
5.727704000000000000e+06,1.070000000000000000e+03
5.728640000000000000e+06,1.052000000000000000e+03
5.729576000000000000e+06,1.074000000000000000e+03
5.730512000000000000e+06,1.074000000000000000e+03
5.731444000000000000e+06,1.064000000000000000e+03
5.732380000000000000e+06,1.046000000000000000e+03
5.733316000000000000e+06,1.060000000000000000e+03
5.734252000000000000e+06,1.052000000000000000e+03
5.735184000000000000e+06,1.059000000000000000e+03
5.736120000000000000e+06,1.058000000000000000e+03
5.737056000000000000e+06,1.094000000000000000e+03
5.737992000000000000e+06,1.030000000000000000e+03
5.738924000000000000e+06,1.084000000000000000e+03
5.739860000000000000e+06,1.070000000000000000e+03
5.740796000000000000e+06,1.040000000000000000e+03
5.741732000000000000e+06,1.071000000000000000e+03
5.742664000000000000e+06,1.063000000000000000e+03
5.743600000000000000e+06,1.052000000000000000e+03
5.744536000000000000e+06,1.082000000000000000e+03
5.745472000000000000e+06,1.067000000000000000e+03
5.746404000000000000e+06,1.081000000000000000e+03
5.747340000000000000e+06,1.002000000000000000e+03
5.748276000000000000e+06,1.069000000000000000e+03
5.749212000000000000e+06,1.043000000000000000e+03
5.750144000000000000e+06,1.067000000000000000e+03
5.751080000000000000e+06,1.034000000000000000e+03
5.752016000000000000e+06,1.028000000000000000e+03
5.752952000000000000e+06,1.044000000000000000e+03
5.753884000000000000e+06,1.085000000000000000e+03
5.754820000000000000e+06,1.079000000000000000e+03
5.755756000000000000e+06,1.051000000000000000e+03
5.756692000000000000e+06,1.032000000000000000e+03
5.757624000000000000e+06,1.037000000000000000e+03
5.758560000000000000e+06,1.049000000000000000e+03
5.759496000000000000e+06,1.042000000000000000e+03
5.760432000000000000e+06,1.053000000000000000e+03
5.761364000000000000e+06,1.060000000000000000e+03
5.762300000000000000e+06,1.046000000000000000e+03
5.763236000000000000e+06,1.055000000000000000e+03
5.764172000000000000e+06,1.051000000000000000e+03
5.765104000000000000e+06,1.069000000000000000e+03
5.766040000000000000e+06,1.078000000000000000e+03
5.766976000000000000e+06,1.079000000000000000e+03
5.767912000000000000e+06,1.028000000000000000e+03
5.768844000000000000e+06,1.059000000000000000e+03
5.770716000000000000e+06,1.036000000000000000e+03
5.771652000000000000e+06,1.059000000000000000e+03
5.772584000000000000e+06,1.062000000000000000e+03
5.773520000000000000e+06,1.068000000000000000e+03
5.774456000000000000e+06,1.031000000000000000e+03
5.775392000000000000e+06,1.044000000000000000e+03
5.776324000000000000e+06,1.032000000000000000e+03
5.777260000000000000e+06,1.006000000000000000e+03
5.778196000000000000e+06,1.021000000000000000e+03
5.779132000000000000e+06,1.065000000000000000e+03
5.780064000000000000e+06,1.043000000000000000e+03
5.781000000000000000e+06,1.075000000000000000e+03
5.781936000000000000e+06,1.051000000000000000e+03
5.782872000000000000e+06,1.069000000000000000e+03
5.783804000000000000e+06,1.076000000000000000e+03
5.784740000000000000e+06,1.020000000000000000e+03
5.785676000000000000e+06,1.030000000000000000e+03
5.786612000000000000e+06,1.010000000000000000e+03
5.787544000000000000e+06,1.025000000000000000e+03
5.788480000000000000e+06,1.023000000000000000e+03
5.789416000000000000e+06,1.063000000000000000e+03
5.790352000000000000e+06,1.055000000000000000e+03
5.791284000000000000e+06,1.068000000000000000e+03
5.792220000000000000e+06,1.062000000000000000e+03
5.793156000000000000e+06,1.038000000000000000e+03
5.794092000000000000e+06,1.038000000000000000e+03
5.795024000000000000e+06,1.057000000000000000e+03
5.795960000000000000e+06,1.054000000000000000e+03
5.796896000000000000e+06,1.082000000000000000e+03
5.797832000000000000e+06,1.007000000000000000e+03
5.798764000000000000e+06,1.083000000000000000e+03
5.799700000000000000e+06,1.076000000000000000e+03
5.800636000000000000e+06,1.044000000000000000e+03
5.801572000000000000e+06,1.046000000000000000e+03
5.802504000000000000e+06,1.044000000000000000e+03
5.803440000000000000e+06,1.052000000000000000e+03
5.804376000000000000e+06,1.055000000000000000e+03
5.805312000000000000e+06,1.037000000000000000e+03
5.806244000000000000e+06,1.037000000000000000e+03
5.807180000000000000e+06,1.051000000000000000e+03
5.808116000000000000e+06,1.034000000000000000e+03
5.809052000000000000e+06,1.078000000000000000e+03
5.809984000000000000e+06,1.066000000000000000e+03
5.810920000000000000e+06,1.061000000000000000e+03
5.811856000000000000e+06,1.067000000000000000e+03
5.812792000000000000e+06,1.042000000000000000e+03
5.813724000000000000e+06,1.073000000000000000e+03
5.814660000000000000e+06,1.031000000000000000e+03
5.815596000000000000e+06,1.061000000000000000e+03
5.816532000000000000e+06,1.069000000000000000e+03
5.817464000000000000e+06,1.002000000000000000e+03
5.818400000000000000e+06,1.051000000000000000e+03
5.819336000000000000e+06,1.079000000000000000e+03
5.820272000000000000e+06,1.055000000000000000e+03
5.821204000000000000e+06,1.038000000000000000e+03
5.822140000000000000e+06,1.071000000000000000e+03
5.823076000000000000e+06,1.062000000000000000e+03
5.824012000000000000e+06,1.084000000000000000e+03
5.824944000000000000e+06,1.069000000000000000e+03
5.825880000000000000e+06,1.055000000000000000e+03
5.826816000000000000e+06,1.081000000000000000e+03
5.827752000000000000e+06,1.064000000000000000e+03
5.828684000000000000e+06,1.030000000000000000e+03
5.829620000000000000e+06,1.030000000000000000e+03
5.830556000000000000e+06,1.046000000000000000e+03
5.831492000000000000e+06,1.075000000000000000e+03
5.832424000000000000e+06,1.080000000000000000e+03
5.833360000000000000e+06,1.070000000000000000e+03
5.834296000000000000e+06,1.069000000000000000e+03
5.835232000000000000e+06,1.056000000000000000e+03
5.836164000000000000e+06,1.026000000000000000e+03
5.837100000000000000e+06,1.089000000000000000e+03
5.838036000000000000e+06,1.077000000000000000e+03
5.838972000000000000e+06,1.055000000000000000e+03
5.839904000000000000e+06,1.048000000000000000e+03
5.840840000000000000e+06,1.039000000000000000e+03
5.841776000000000000e+06,1.032000000000000000e+03
5.842712000000000000e+06,1.046000000000000000e+03
5.843644000000000000e+06,1.057000000000000000e+03
5.844580000000000000e+06,1.061000000000000000e+03
5.845516000000000000e+06,1.081000000000000000e+03
5.846452000000000000e+06,1.038000000000000000e+03
5.847384000000000000e+06,1.044000000000000000e+03
5.848320000000000000e+06,1.055000000000000000e+03
5.849256000000000000e+06,1.033000000000000000e+03
5.850192000000000000e+06,1.044000000000000000e+03
5.851124000000000000e+06,1.032000000000000000e+03
5.852060000000000000e+06,1.051000000000000000e+03
5.852996000000000000e+06,1.076000000000000000e+03
5.853932000000000000e+06,1.077000000000000000e+03
5.854864000000000000e+06,1.056000000000000000e+03
5.855800000000000000e+06,1.041000000000000000e+03
5.856736000000000000e+06,1.065000000000000000e+03
5.857672000000000000e+06,1.096000000000000000e+03
5.858604000000000000e+06,1.098000000000000000e+03
5.859540000000000000e+06,1.070000000000000000e+03
5.860476000000000000e+06,1.079000000000000000e+03
5.861412000000000000e+06,1.080000000000000000e+03
5.862344000000000000e+06,1.064000000000000000e+03
5.863280000000000000e+06,1.070000000000000000e+03
5.864216000000000000e+06,1.058000000000000000e+03
5.865152000000000000e+06,1.041000000000000000e+03
5.866084000000000000e+06,1.058000000000000000e+03
5.867020000000000000e+06,1.094000000000000000e+03
5.867956000000000000e+06,1.066000000000000000e+03
5.868892000000000000e+06,1.066000000000000000e+03
5.869824000000000000e+06,1.073000000000000000e+03
5.870760000000000000e+06,1.037000000000000000e+03
5.871696000000000000e+06,1.042000000000000000e+03
5.872632000000000000e+06,1.080000000000000000e+03
5.873564000000000000e+06,1.060000000000000000e+03
5.874500000000000000e+06,1.085000000000000000e+03
5.875436000000000000e+06,1.053000000000000000e+03
5.876372000000000000e+06,1.061000000000000000e+03
5.877304000000000000e+06,1.058000000000000000e+03
5.878240000000000000e+06,1.030000000000000000e+03
5.879176000000000000e+06,1.063000000000000000e+03
5.880112000000000000e+06,1.044000000000000000e+03
5.881044000000000000e+06,1.054000000000000000e+03
5.881980000000000000e+06,1.012000000000000000e+03
5.882916000000000000e+06,1.048000000000000000e+03
5.883852000000000000e+06,1.080000000000000000e+03
5.884784000000000000e+06,1.073000000000000000e+03
5.885720000000000000e+06,1.057000000000000000e+03
5.886656000000000000e+06,1.090000000000000000e+03
5.887592000000000000e+06,1.042000000000000000e+03
5.888524000000000000e+06,1.023000000000000000e+03
5.889460000000000000e+06,1.054000000000000000e+03
5.890396000000000000e+06,1.019000000000000000e+03
5.891332000000000000e+06,1.021000000000000000e+03
5.892264000000000000e+06,1.033000000000000000e+03
5.893200000000000000e+06,1.065000000000000000e+03
5.894136000000000000e+06,1.086000000000000000e+03
5.895072000000000000e+06,1.031000000000000000e+03
5.896004000000000000e+06,1.071000000000000000e+03
5.896940000000000000e+06,1.086000000000000000e+03
5.897876000000000000e+06,1.088000000000000000e+03
5.898812000000000000e+06,1.063000000000000000e+03
5.899744000000000000e+06,1.041000000000000000e+03
5.900680000000000000e+06,1.059000000000000000e+03
5.901616000000000000e+06,1.044000000000000000e+03
5.902552000000000000e+06,1.032000000000000000e+03
5.903484000000000000e+06,1.051000000000000000e+03
5.904420000000000000e+06,1.027000000000000000e+03
5.905356000000000000e+06,1.050000000000000000e+03
5.906292000000000000e+06,1.031000000000000000e+03
5.907224000000000000e+06,1.051000000000000000e+03
5.908160000000000000e+06,1.054000000000000000e+03
5.909096000000000000e+06,1.024000000000000000e+03
5.910032000000000000e+06,1.026000000000000000e+03
5.910964000000000000e+06,1.052000000000000000e+03
5.911900000000000000e+06,1.080000000000000000e+03
5.912836000000000000e+06,1.072000000000000000e+03
5.913772000000000000e+06,1.044000000000000000e+03
5.914704000000000000e+06,1.052000000000000000e+03
5.915640000000000000e+06,1.065000000000000000e+03
5.916576000000000000e+06,1.017000000000000000e+03
5.917512000000000000e+06,1.018000000000000000e+03
5.918444000000000000e+06,1.018000000000000000e+03
5.919380000000000000e+06,1.088000000000000000e+03
5.920316000000000000e+06,1.059000000000000000e+03
5.921252000000000000e+06,1.047000000000000000e+03
5.922184000000000000e+06,1.058000000000000000e+03
5.923120000000000000e+06,1.081000000000000000e+03
5.924056000000000000e+06,1.045000000000000000e+03
5.924992000000000000e+06,1.037000000000000000e+03
5.925924000000000000e+06,1.023000000000000000e+03
5.926860000000000000e+06,1.105000000000000000e+03
5.927796000000000000e+06,1.082000000000000000e+03
5.928732000000000000e+06,1.052000000000000000e+03
5.929664000000000000e+06,1.029000000000000000e+03
5.930600000000000000e+06,1.037000000000000000e+03
5.931536000000000000e+06,1.041000000000000000e+03
5.932472000000000000e+06,1.066000000000000000e+03
5.933404000000000000e+06,1.048000000000000000e+03
5.934340000000000000e+06,1.060000000000000000e+03
5.935276000000000000e+06,1.080000000000000000e+03
5.936212000000000000e+06,1.017000000000000000e+03
5.937144000000000000e+06,1.055000000000000000e+03
5.938080000000000000e+06,1.068000000000000000e+03
5.939016000000000000e+06,1.029000000000000000e+03
5.939952000000000000e+06,1.033000000000000000e+03
5.940884000000000000e+06,1.026000000000000000e+03
5.941820000000000000e+06,1.066000000000000000e+03
5.942756000000000000e+06,1.039000000000000000e+03
5.943692000000000000e+06,1.035000000000000000e+03
5.944624000000000000e+06,1.059000000000000000e+03
5.945560000000000000e+06,1.076000000000000000e+03
5.946496000000000000e+06,1.070000000000000000e+03
5.947432000000000000e+06,1.053000000000000000e+03
5.948364000000000000e+06,1.067000000000000000e+03
5.949300000000000000e+06,1.084000000000000000e+03
5.950236000000000000e+06,1.060000000000000000e+03
5.951172000000000000e+06,1.078000000000000000e+03
5.952104000000000000e+06,1.074000000000000000e+03
5.953040000000000000e+06,1.012000000000000000e+03
5.953976000000000000e+06,1.068000000000000000e+03
5.954912000000000000e+06,1.048000000000000000e+03
5.955844000000000000e+06,1.039000000000000000e+03
5.956780000000000000e+06,1.071000000000000000e+03
5.957716000000000000e+06,1.070000000000000000e+03
5.958652000000000000e+06,1.050000000000000000e+03
5.959584000000000000e+06,1.051000000000000000e+03
5.960520000000000000e+06,1.058000000000000000e+03
5.961456000000000000e+06,1.066000000000000000e+03
5.962392000000000000e+06,1.022000000000000000e+03
5.963324000000000000e+06,1.031000000000000000e+03
5.964260000000000000e+06,1.050000000000000000e+03
5.965196000000000000e+06,1.082000000000000000e+03
5.966132000000000000e+06,1.037000000000000000e+03
5.967064000000000000e+06,1.004000000000000000e+03
5.968000000000000000e+06,1.078000000000000000e+03
5.968936000000000000e+06,1.068000000000000000e+03
5.969872000000000000e+06,1.091000000000000000e+03
5.970804000000000000e+06,1.094000000000000000e+03
5.971740000000000000e+06,1.078000000000000000e+03
5.972676000000000000e+06,1.047000000000000000e+03
5.973612000000000000e+06,1.057000000000000000e+03
5.974544000000000000e+06,1.021000000000000000e+03
5.975480000000000000e+06,1.045000000000000000e+03
5.976416000000000000e+06,1.041000000000000000e+03
5.977352000000000000e+06,1.006000000000000000e+03
5.978284000000000000e+06,1.061000000000000000e+03
5.979220000000000000e+06,1.068000000000000000e+03
5.980156000000000000e+06,1.047000000000000000e+03
5.981092000000000000e+06,1.027000000000000000e+03
5.982024000000000000e+06,1.073000000000000000e+03
5.982960000000000000e+06,1.059000000000000000e+03
5.983896000000000000e+06,1.032000000000000000e+03
5.984832000000000000e+06,1.065000000000000000e+03
5.985764000000000000e+06,1.059000000000000000e+03
5.986700000000000000e+06,1.058000000000000000e+03
5.987636000000000000e+06,1.081000000000000000e+03
5.988572000000000000e+06,1.067000000000000000e+03
5.989504000000000000e+06,1.068000000000000000e+03
5.990440000000000000e+06,1.036000000000000000e+03
5.991376000000000000e+06,1.017000000000000000e+03
5.992312000000000000e+06,1.048000000000000000e+03
5.993244000000000000e+06,1.066000000000000000e+03
5.994180000000000000e+06,1.046000000000000000e+03
5.995116000000000000e+06,1.042000000000000000e+03
5.996052000000000000e+06,1.077000000000000000e+03
5.996984000000000000e+06,1.048000000000000000e+03
5.997920000000000000e+06,1.032000000000000000e+03
5.998856000000000000e+06,1.033000000000000000e+03
5.999792000000000000e+06,1.058000000000000000e+03
6.000724000000000000e+06,1.069000000000000000e+03
6.001660000000000000e+06,1.078000000000000000e+03
6.002596000000000000e+06,1.071000000000000000e+03
6.003532000000000000e+06,1.036000000000000000e+03
6.004464000000000000e+06,1.051000000000000000e+03
6.005400000000000000e+06,1.064000000000000000e+03
6.006336000000000000e+06,1.059000000000000000e+03
6.007272000000000000e+06,1.015000000000000000e+03
6.008204000000000000e+06,1.011000000000000000e+03
6.009140000000000000e+06,1.044000000000000000e+03
6.010076000000000000e+06,1.023000000000000000e+03
6.011012000000000000e+06,1.062000000000000000e+03
6.011944000000000000e+06,1.037000000000000000e+03
6.012880000000000000e+06,1.065000000000000000e+03
6.013816000000000000e+06,1.036000000000000000e+03
6.014752000000000000e+06,1.059000000000000000e+03
6.015684000000000000e+06,1.083000000000000000e+03
6.016620000000000000e+06,1.111000000000000000e+03
6.017556000000000000e+06,1.067000000000000000e+03
6.018492000000000000e+06,1.057000000000000000e+03
6.019424000000000000e+06,1.074000000000000000e+03
6.020360000000000000e+06,1.050000000000000000e+03
6.021296000000000000e+06,1.040000000000000000e+03
6.022232000000000000e+06,1.035000000000000000e+03
6.023164000000000000e+06,1.071000000000000000e+03
6.024100000000000000e+06,1.049000000000000000e+03
6.025036000000000000e+06,1.091000000000000000e+03
6.025972000000000000e+06,1.051000000000000000e+03
6.026904000000000000e+06,1.035000000000000000e+03
6.027840000000000000e+06,1.064000000000000000e+03
6.028776000000000000e+06,1.050000000000000000e+03
6.029712000000000000e+06,1.069000000000000000e+03
6.030644000000000000e+06,1.049000000000000000e+03
6.031580000000000000e+06,1.046000000000000000e+03
6.032516000000000000e+06,1.021000000000000000e+03
6.033452000000000000e+06,1.040000000000000000e+03
6.034384000000000000e+06,1.020000000000000000e+03
6.035320000000000000e+06,1.044000000000000000e+03
6.036256000000000000e+06,1.033000000000000000e+03
6.037192000000000000e+06,1.090000000000000000e+03
6.038124000000000000e+06,1.069000000000000000e+03
6.039060000000000000e+06,1.048000000000000000e+03
6.039996000000000000e+06,1.033000000000000000e+03
6.040932000000000000e+06,1.058000000000000000e+03
6.041864000000000000e+06,1.067000000000000000e+03
6.042800000000000000e+06,1.073000000000000000e+03
6.043736000000000000e+06,1.058000000000000000e+03
6.044676000000000000e+06,1.074000000000000000e+03
6.045604000000000000e+06,1.035000000000000000e+03
6.046540000000000000e+06,1.064000000000000000e+03
6.047476000000000000e+06,1.055000000000000000e+03
6.048412000000000000e+06,1.039000000000000000e+03
6.049344000000000000e+06,1.071000000000000000e+03
6.050280000000000000e+06,1.062000000000000000e+03
6.051216000000000000e+06,1.055000000000000000e+03
6.052152000000000000e+06,1.068000000000000000e+03
6.053084000000000000e+06,1.077000000000000000e+03
6.054020000000000000e+06,1.062000000000000000e+03
6.054956000000000000e+06,1.046000000000000000e+03
6.055892000000000000e+06,1.046000000000000000e+03
6.056824000000000000e+06,1.017000000000000000e+03
6.057760000000000000e+06,1.080000000000000000e+03
6.058696000000000000e+06,1.034000000000000000e+03
6.059632000000000000e+06,1.063000000000000000e+03
6.060564000000000000e+06,1.052000000000000000e+03
6.061500000000000000e+06,1.028000000000000000e+03
6.062436000000000000e+06,1.071000000000000000e+03
6.063372000000000000e+06,1.081000000000000000e+03
6.064304000000000000e+06,1.046000000000000000e+03
6.065240000000000000e+06,1.039000000000000000e+03
6.066180000000000000e+06,1.058000000000000000e+03
6.067112000000000000e+06,9.950000000000000000e+02
6.068044000000000000e+06,1.042000000000000000e+03
6.068980000000000000e+06,9.870000000000000000e+02
6.069916000000000000e+06,1.019000000000000000e+03
6.070852000000000000e+06,1.066000000000000000e+03
6.071784000000000000e+06,1.055000000000000000e+03
6.072720000000000000e+06,1.041000000000000000e+03
6.073656000000000000e+06,1.038000000000000000e+03
6.074592000000000000e+06,1.072000000000000000e+03
6.075524000000000000e+06,1.079000000000000000e+03
6.076460000000000000e+06,1.087000000000000000e+03
6.077396000000000000e+06,1.057000000000000000e+03
6.078332000000000000e+06,1.082000000000000000e+03
6.079264000000000000e+06,1.052000000000000000e+03
6.080200000000000000e+06,1.041000000000000000e+03
6.081136000000000000e+06,1.060000000000000000e+03
6.082072000000000000e+06,1.039000000000000000e+03
6.083004000000000000e+06,1.052000000000000000e+03
6.083940000000000000e+06,1.069000000000000000e+03
6.084876000000000000e+06,1.044000000000000000e+03
6.085812000000000000e+06,1.053000000000000000e+03
6.086744000000000000e+06,1.040000000000000000e+03
6.087688000000000000e+06,1.057000000000000000e+03
6.088616000000000000e+06,1.093000000000000000e+03
6.089552000000000000e+06,1.055000000000000000e+03
6.090484000000000000e+06,1.087000000000000000e+03
6.091420000000000000e+06,1.042000000000000000e+03
6.092356000000000000e+06,1.054000000000000000e+03
6.093292000000000000e+06,1.069000000000000000e+03
6.094224000000000000e+06,1.055000000000000000e+03
6.095160000000000000e+06,1.015000000000000000e+03
6.096096000000000000e+06,1.065000000000000000e+03
6.097032000000000000e+06,1.101000000000000000e+03
6.097964000000000000e+06,1.087000000000000000e+03
6.098900000000000000e+06,1.048000000000000000e+03
6.099836000000000000e+06,1.057000000000000000e+03
6.100772000000000000e+06,1.063000000000000000e+03
6.101704000000000000e+06,1.020000000000000000e+03
6.102640000000000000e+06,1.058000000000000000e+03
6.103576000000000000e+06,1.075000000000000000e+03
6.104512000000000000e+06,1.057000000000000000e+03
6.105444000000000000e+06,1.021000000000000000e+03
6.106380000000000000e+06,1.074000000000000000e+03
6.107316000000000000e+06,1.096000000000000000e+03
6.108252000000000000e+06,1.105000000000000000e+03
6.109192000000000000e+06,1.047000000000000000e+03
6.110120000000000000e+06,1.073000000000000000e+03
6.111056000000000000e+06,1.054000000000000000e+03
6.111992000000000000e+06,1.045000000000000000e+03
6.112924000000000000e+06,1.038000000000000000e+03
6.113860000000000000e+06,1.070000000000000000e+03
6.114796000000000000e+06,1.043000000000000000e+03
6.115732000000000000e+06,1.032000000000000000e+03
6.116664000000000000e+06,1.063000000000000000e+03
6.117600000000000000e+06,1.102000000000000000e+03
6.118536000000000000e+06,1.095000000000000000e+03
6.119472000000000000e+06,1.045000000000000000e+03
6.120404000000000000e+06,1.062000000000000000e+03
6.121340000000000000e+06,1.019000000000000000e+03
6.122276000000000000e+06,1.048000000000000000e+03
6.123212000000000000e+06,1.025000000000000000e+03
6.124144000000000000e+06,1.046000000000000000e+03
6.125080000000000000e+06,1.021000000000000000e+03
6.126016000000000000e+06,1.028000000000000000e+03
6.126952000000000000e+06,1.070000000000000000e+03
6.127884000000000000e+06,1.062000000000000000e+03
6.128820000000000000e+06,1.066000000000000000e+03
6.129756000000000000e+06,1.065000000000000000e+03
6.130696000000000000e+06,1.077000000000000000e+03
6.131624000000000000e+06,1.050000000000000000e+03
6.132560000000000000e+06,1.048000000000000000e+03
6.133496000000000000e+06,1.072000000000000000e+03
6.134432000000000000e+06,1.043000000000000000e+03
6.135364000000000000e+06,1.058000000000000000e+03
6.136300000000000000e+06,1.065000000000000000e+03
6.137236000000000000e+06,1.058000000000000000e+03
6.138172000000000000e+06,1.046000000000000000e+03
6.139104000000000000e+06,1.086000000000000000e+03
6.140040000000000000e+06,1.043000000000000000e+03
6.140976000000000000e+06,1.026000000000000000e+03
6.141912000000000000e+06,1.050000000000000000e+03
6.142844000000000000e+06,1.049000000000000000e+03
6.143780000000000000e+06,1.052000000000000000e+03
6.144716000000000000e+06,1.021000000000000000e+03
6.145652000000000000e+06,1.116000000000000000e+03
6.146584000000000000e+06,1.018000000000000000e+03
6.147520000000000000e+06,1.062000000000000000e+03
6.148456000000000000e+06,1.036000000000000000e+03
6.149392000000000000e+06,1.091000000000000000e+03
6.150324000000000000e+06,1.076000000000000000e+03
6.151260000000000000e+06,1.055000000000000000e+03
6.152200000000000000e+06,1.071000000000000000e+03
6.153132000000000000e+06,1.062000000000000000e+03
6.154064000000000000e+06,1.023000000000000000e+03
6.155000000000000000e+06,1.022000000000000000e+03
6.155936000000000000e+06,1.007000000000000000e+03
6.156872000000000000e+06,1.057000000000000000e+03
6.157804000000000000e+06,1.103000000000000000e+03
6.158740000000000000e+06,1.085000000000000000e+03
6.159676000000000000e+06,1.073000000000000000e+03
6.160612000000000000e+06,1.072000000000000000e+03
6.161544000000000000e+06,1.039000000000000000e+03
6.162480000000000000e+06,1.007000000000000000e+03
6.163416000000000000e+06,1.025000000000000000e+03
6.164352000000000000e+06,1.001000000000000000e+03
6.165284000000000000e+06,1.056000000000000000e+03
6.166220000000000000e+06,1.079000000000000000e+03
6.167156000000000000e+06,1.084000000000000000e+03
6.168092000000000000e+06,1.068000000000000000e+03
6.169024000000000000e+06,1.060000000000000000e+03
6.169960000000000000e+06,1.065000000000000000e+03
6.170896000000000000e+06,1.043000000000000000e+03
6.171832000000000000e+06,1.059000000000000000e+03
6.172764000000000000e+06,1.075000000000000000e+03
6.173708000000000000e+06,1.037000000000000000e+03
6.174636000000000000e+06,1.043000000000000000e+03
6.175572000000000000e+06,1.083000000000000000e+03
6.176504000000000000e+06,1.066000000000000000e+03
6.177440000000000000e+06,1.025000000000000000e+03
6.178376000000000000e+06,1.050000000000000000e+03
6.179312000000000000e+06,1.050000000000000000e+03
6.180244000000000000e+06,1.057000000000000000e+03
6.181180000000000000e+06,1.066000000000000000e+03
6.182116000000000000e+06,1.077000000000000000e+03
6.183052000000000000e+06,1.047000000000000000e+03
6.183984000000000000e+06,1.064000000000000000e+03
6.184920000000000000e+06,1.061000000000000000e+03
6.185856000000000000e+06,1.011000000000000000e+03
6.186792000000000000e+06,1.087000000000000000e+03
6.187724000000000000e+06,1.078000000000000000e+03
6.188660000000000000e+06,1.047000000000000000e+03
6.189596000000000000e+06,1.059000000000000000e+03
6.190532000000000000e+06,1.060000000000000000e+03
6.191464000000000000e+06,1.031000000000000000e+03
6.192400000000000000e+06,1.027000000000000000e+03
6.193336000000000000e+06,1.074000000000000000e+03
6.194272000000000000e+06,1.062000000000000000e+03
6.195212000000000000e+06,1.060000000000000000e+03
6.196140000000000000e+06,1.045000000000000000e+03
6.197076000000000000e+06,1.083000000000000000e+03
6.198012000000000000e+06,1.042000000000000000e+03
6.198944000000000000e+06,1.057000000000000000e+03
6.199880000000000000e+06,1.075000000000000000e+03
6.200816000000000000e+06,1.067000000000000000e+03
6.201752000000000000e+06,1.047000000000000000e+03
6.202684000000000000e+06,1.046000000000000000e+03
6.203620000000000000e+06,1.085000000000000000e+03
6.204556000000000000e+06,1.041000000000000000e+03
6.205492000000000000e+06,1.022000000000000000e+03
6.206424000000000000e+06,1.066000000000000000e+03
6.207360000000000000e+06,1.070000000000000000e+03
6.208296000000000000e+06,1.040000000000000000e+03
6.209232000000000000e+06,1.085000000000000000e+03
6.210164000000000000e+06,1.037000000000000000e+03
6.211100000000000000e+06,1.023000000000000000e+03
6.212036000000000000e+06,1.026000000000000000e+03
6.212972000000000000e+06,1.048000000000000000e+03
6.213904000000000000e+06,1.070000000000000000e+03
6.214840000000000000e+06,1.075000000000000000e+03
6.215776000000000000e+06,1.019000000000000000e+03
6.216716000000000000e+06,9.970000000000000000e+02
6.217644000000000000e+06,1.085000000000000000e+03
6.218580000000000000e+06,1.092000000000000000e+03
6.219516000000000000e+06,1.131000000000000000e+03
6.220452000000000000e+06,1.082000000000000000e+03
6.221384000000000000e+06,1.030000000000000000e+03
6.222320000000000000e+06,1.023000000000000000e+03
6.223256000000000000e+06,1.033000000000000000e+03
6.224192000000000000e+06,1.060000000000000000e+03
6.225124000000000000e+06,1.076000000000000000e+03
6.226060000000000000e+06,1.010000000000000000e+03
6.226996000000000000e+06,1.043000000000000000e+03
6.227932000000000000e+06,1.054000000000000000e+03
6.228864000000000000e+06,1.086000000000000000e+03
6.229800000000000000e+06,1.107000000000000000e+03
6.230736000000000000e+06,1.104000000000000000e+03
6.231672000000000000e+06,1.055000000000000000e+03
6.232604000000000000e+06,1.022000000000000000e+03
6.233540000000000000e+06,1.042000000000000000e+03
6.234476000000000000e+06,1.070000000000000000e+03
6.235412000000000000e+06,1.035000000000000000e+03
6.236344000000000000e+06,1.042000000000000000e+03
6.237280000000000000e+06,1.026000000000000000e+03
6.238224000000000000e+06,1.043000000000000000e+03
6.239152000000000000e+06,1.024000000000000000e+03
6.240084000000000000e+06,1.064000000000000000e+03
6.241020000000000000e+06,1.123000000000000000e+03
6.241956000000000000e+06,1.103000000000000000e+03
6.242892000000000000e+06,1.081000000000000000e+03
6.243824000000000000e+06,1.028000000000000000e+03
6.244760000000000000e+06,1.049000000000000000e+03
6.245696000000000000e+06,1.063000000000000000e+03
6.246632000000000000e+06,1.014000000000000000e+03
6.247564000000000000e+06,1.012000000000000000e+03
6.248500000000000000e+06,1.038000000000000000e+03
6.249436000000000000e+06,1.047000000000000000e+03
6.250372000000000000e+06,1.043000000000000000e+03
6.251304000000000000e+06,1.077000000000000000e+03
6.252240000000000000e+06,1.078000000000000000e+03
6.253176000000000000e+06,1.036000000000000000e+03
6.254112000000000000e+06,1.029000000000000000e+03
6.255044000000000000e+06,1.009000000000000000e+03
6.255980000000000000e+06,1.000000000000000000e+03
6.256916000000000000e+06,1.009000000000000000e+03
6.257852000000000000e+06,1.111000000000000000e+03
6.258784000000000000e+06,1.093000000000000000e+03
6.259728000000000000e+06,1.092000000000000000e+03
6.260656000000000000e+06,1.086000000000000000e+03
6.261592000000000000e+06,1.055000000000000000e+03
6.262524000000000000e+06,1.071000000000000000e+03
6.263460000000000000e+06,1.071000000000000000e+03
6.264396000000000000e+06,1.037000000000000000e+03
6.265332000000000000e+06,1.018000000000000000e+03
6.266264000000000000e+06,1.006000000000000000e+03
6.267200000000000000e+06,1.081000000000000000e+03
6.268136000000000000e+06,1.040000000000000000e+03
6.269072000000000000e+06,1.103000000000000000e+03
6.270004000000000000e+06,1.089000000000000000e+03
6.270940000000000000e+06,1.043000000000000000e+03
6.271876000000000000e+06,1.059000000000000000e+03
6.272812000000000000e+06,1.023000000000000000e+03
6.273744000000000000e+06,9.870000000000000000e+02
6.274680000000000000e+06,1.054000000000000000e+03
6.275616000000000000e+06,1.110000000000000000e+03
6.276552000000000000e+06,1.048000000000000000e+03
6.277484000000000000e+06,1.014000000000000000e+03
6.278420000000000000e+06,1.057000000000000000e+03
6.279356000000000000e+06,1.091000000000000000e+03
6.280292000000000000e+06,1.093000000000000000e+03
6.281232000000000000e+06,1.084000000000000000e+03
6.282160000000000000e+06,1.034000000000000000e+03
6.283096000000000000e+06,9.860000000000000000e+02
6.284032000000000000e+06,1.015000000000000000e+03
6.284964000000000000e+06,1.032000000000000000e+03
6.285900000000000000e+06,1.024000000000000000e+03
6.286836000000000000e+06,1.115000000000000000e+03
6.287772000000000000e+06,1.028000000000000000e+03
6.288704000000000000e+06,1.029000000000000000e+03
6.289640000000000000e+06,1.062000000000000000e+03
6.290576000000000000e+06,1.007000000000000000e+03
6.291512000000000000e+06,1.012000000000000000e+03
6.292444000000000000e+06,1.043000000000000000e+03
6.293380000000000000e+06,1.071000000000000000e+03
6.294316000000000000e+06,1.098000000000000000e+03
6.295252000000000000e+06,1.068000000000000000e+03
6.296184000000000000e+06,1.065000000000000000e+03
6.297120000000000000e+06,1.020000000000000000e+03
6.298056000000000000e+06,1.092000000000000000e+03
6.298992000000000000e+06,1.039000000000000000e+03
6.299924000000000000e+06,1.034000000000000000e+03
6.300860000000000000e+06,1.069000000000000000e+03
6.301796000000000000e+06,1.061000000000000000e+03
6.302736000000000000e+06,1.075000000000000000e+03
6.303664000000000000e+06,1.073000000000000000e+03
6.304600000000000000e+06,1.059000000000000000e+03
6.305536000000000000e+06,1.023000000000000000e+03
6.306472000000000000e+06,1.060000000000000000e+03
6.307404000000000000e+06,9.890000000000000000e+02
6.308340000000000000e+06,1.007000000000000000e+03
6.309276000000000000e+06,1.014000000000000000e+03
6.310212000000000000e+06,1.033000000000000000e+03
6.311144000000000000e+06,1.072000000000000000e+03
6.312080000000000000e+06,1.083000000000000000e+03
6.313016000000000000e+06,1.089000000000000000e+03
6.313952000000000000e+06,1.062000000000000000e+03
6.314884000000000000e+06,1.051000000000000000e+03
6.315820000000000000e+06,1.030000000000000000e+03
6.316756000000000000e+06,1.096000000000000000e+03
6.317692000000000000e+06,1.047000000000000000e+03
6.318624000000000000e+06,1.023000000000000000e+03
6.319560000000000000e+06,1.050000000000000000e+03
6.320496000000000000e+06,1.093000000000000000e+03
6.321432000000000000e+06,1.044000000000000000e+03
6.322364000000000000e+06,1.017000000000000000e+03
6.323300000000000000e+06,1.017000000000000000e+03
6.324244000000000000e+06,1.017000000000000000e+03
6.325172000000000000e+06,1.020000000000000000e+03
6.326104000000000000e+06,1.044000000000000000e+03
6.327040000000000000e+06,1.118000000000000000e+03
6.327976000000000000e+06,1.081000000000000000e+03
6.328912000000000000e+06,1.014000000000000000e+03
6.329844000000000000e+06,1.074000000000000000e+03
6.330780000000000000e+06,1.021000000000000000e+03
6.331716000000000000e+06,1.028000000000000000e+03
6.332652000000000000e+06,1.041000000000000000e+03
6.333584000000000000e+06,1.041000000000000000e+03
6.334520000000000000e+06,1.049000000000000000e+03
6.335456000000000000e+06,1.053000000000000000e+03
6.336392000000000000e+06,1.079000000000000000e+03
6.337324000000000000e+06,1.051000000000000000e+03
6.338260000000000000e+06,1.034000000000000000e+03
6.339196000000000000e+06,1.004000000000000000e+03
6.340132000000000000e+06,1.020000000000000000e+03
6.341064000000000000e+06,1.056000000000000000e+03
6.342000000000000000e+06,1.048000000000000000e+03
6.342936000000000000e+06,1.054000000000000000e+03
6.343872000000000000e+06,1.035000000000000000e+03
6.344804000000000000e+06,1.065000000000000000e+03
6.345748000000000000e+06,1.081000000000000000e+03
6.346676000000000000e+06,1.074000000000000000e+03
6.347612000000000000e+06,1.072000000000000000e+03
6.348544000000000000e+06,1.059000000000000000e+03
6.349480000000000000e+06,1.065000000000000000e+03
6.350416000000000000e+06,1.067000000000000000e+03
6.351352000000000000e+06,1.068000000000000000e+03
6.352284000000000000e+06,1.073000000000000000e+03
6.353220000000000000e+06,1.019000000000000000e+03
6.354156000000000000e+06,1.020000000000000000e+03
6.355092000000000000e+06,1.032000000000000000e+03
6.356024000000000000e+06,1.060000000000000000e+03
6.356960000000000000e+06,1.022000000000000000e+03
6.357896000000000000e+06,1.081000000000000000e+03
6.358832000000000000e+06,1.078000000000000000e+03
6.360700000000000000e+06,1.077000000000000000e+03
6.361636000000000000e+06,1.056000000000000000e+03
6.362572000000000000e+06,1.058000000000000000e+03
6.363504000000000000e+06,1.038000000000000000e+03
6.364440000000000000e+06,1.044000000000000000e+03
6.365376000000000000e+06,1.090000000000000000e+03
6.366312000000000000e+06,9.970000000000000000e+02
6.367252000000000000e+06,9.840000000000000000e+02
6.368180000000000000e+06,1.007000000000000000e+03
6.369116000000000000e+06,1.080000000000000000e+03
6.370052000000000000e+06,1.066000000000000000e+03
6.370984000000000000e+06,1.056000000000000000e+03
6.371920000000000000e+06,1.041000000000000000e+03
6.372856000000000000e+06,1.072000000000000000e+03
6.373792000000000000e+06,1.077000000000000000e+03
6.374724000000000000e+06,1.054000000000000000e+03
6.375660000000000000e+06,1.040000000000000000e+03
6.376596000000000000e+06,1.024000000000000000e+03
6.377532000000000000e+06,1.063000000000000000e+03
6.378464000000000000e+06,1.077000000000000000e+03
6.379400000000000000e+06,1.057000000000000000e+03
6.380336000000000000e+06,1.071000000000000000e+03
6.381272000000000000e+06,1.094000000000000000e+03
6.382204000000000000e+06,1.047000000000000000e+03
6.383140000000000000e+06,1.045000000000000000e+03
6.384076000000000000e+06,1.055000000000000000e+03
6.385012000000000000e+06,1.086000000000000000e+03
6.385944000000000000e+06,1.028000000000000000e+03
6.386880000000000000e+06,1.003000000000000000e+03
6.387816000000000000e+06,1.030000000000000000e+03
6.388756000000000000e+06,1.019000000000000000e+03
6.389684000000000000e+06,1.096000000000000000e+03
6.390620000000000000e+06,1.050000000000000000e+03
6.391556000000000000e+06,1.074000000000000000e+03
6.392492000000000000e+06,1.100000000000000000e+03
6.393424000000000000e+06,1.068000000000000000e+03
6.394360000000000000e+06,1.067000000000000000e+03
6.395296000000000000e+06,1.029000000000000000e+03
6.396232000000000000e+06,1.001000000000000000e+03
6.397164000000000000e+06,1.087000000000000000e+03
6.398100000000000000e+06,1.114000000000000000e+03
6.399036000000000000e+06,1.056000000000000000e+03
6.399972000000000000e+06,1.072000000000000000e+03
6.400904000000000000e+06,1.063000000000000000e+03
6.401840000000000000e+06,1.054000000000000000e+03
6.402776000000000000e+06,1.059000000000000000e+03
6.403712000000000000e+06,1.048000000000000000e+03
6.404644000000000000e+06,1.013000000000000000e+03
6.405580000000000000e+06,1.016000000000000000e+03
6.406516000000000000e+06,1.007000000000000000e+03
6.407452000000000000e+06,1.088000000000000000e+03
6.408384000000000000e+06,1.051000000000000000e+03
6.409320000000000000e+06,1.035000000000000000e+03
6.410260000000000000e+06,1.060000000000000000e+03
6.411192000000000000e+06,1.035000000000000000e+03
6.412124000000000000e+06,1.053000000000000000e+03
6.413060000000000000e+06,1.050000000000000000e+03
6.413996000000000000e+06,1.087000000000000000e+03
6.414932000000000000e+06,1.093000000000000000e+03
6.415864000000000000e+06,1.030000000000000000e+03
6.416800000000000000e+06,1.053000000000000000e+03
6.417736000000000000e+06,1.056000000000000000e+03
6.418672000000000000e+06,1.073000000000000000e+03
6.419604000000000000e+06,1.070000000000000000e+03
6.420540000000000000e+06,1.033000000000000000e+03
6.421476000000000000e+06,1.019000000000000000e+03
6.422412000000000000e+06,1.054000000000000000e+03
6.423344000000000000e+06,1.062000000000000000e+03
6.424280000000000000e+06,1.060000000000000000e+03
6.426152000000000000e+06,1.022000000000000000e+03
6.427084000000000000e+06,1.067000000000000000e+03
6.428020000000000000e+06,1.034000000000000000e+03
6.428956000000000000e+06,1.062000000000000000e+03
6.429892000000000000e+06,1.083000000000000000e+03
6.430824000000000000e+06,1.048000000000000000e+03
6.431764000000000000e+06,1.085000000000000000e+03
6.432696000000000000e+06,1.068000000000000000e+03
6.433632000000000000e+06,1.070000000000000000e+03
6.434564000000000000e+06,1.059000000000000000e+03
6.435500000000000000e+06,1.043000000000000000e+03
6.436436000000000000e+06,1.020000000000000000e+03
6.437372000000000000e+06,1.058000000000000000e+03
6.438304000000000000e+06,1.090000000000000000e+03
6.439240000000000000e+06,1.056000000000000000e+03
6.440176000000000000e+06,1.035000000000000000e+03
6.441112000000000000e+06,1.081000000000000000e+03
6.442044000000000000e+06,1.071000000000000000e+03
6.442980000000000000e+06,1.074000000000000000e+03
6.443916000000000000e+06,1.085000000000000000e+03
6.444852000000000000e+06,1.072000000000000000e+03
6.445784000000000000e+06,1.105000000000000000e+03
6.446720000000000000e+06,1.052000000000000000e+03
6.447656000000000000e+06,1.021000000000000000e+03
6.448592000000000000e+06,1.007000000000000000e+03
6.449524000000000000e+06,1.007000000000000000e+03
6.450460000000000000e+06,1.027000000000000000e+03
6.451396000000000000e+06,1.051000000000000000e+03
6.452332000000000000e+06,1.040000000000000000e+03
6.453268000000000000e+06,1.041000000000000000e+03
6.454200000000000000e+06,1.058000000000000000e+03
6.455136000000000000e+06,1.031000000000000000e+03
6.456072000000000000e+06,1.020000000000000000e+03
6.457004000000000000e+06,1.078000000000000000e+03
6.457940000000000000e+06,1.078000000000000000e+03
6.458876000000000000e+06,1.052000000000000000e+03
6.459812000000000000e+06,1.046000000000000000e+03
6.460744000000000000e+06,1.067000000000000000e+03
6.461680000000000000e+06,1.064000000000000000e+03
6.462616000000000000e+06,1.037000000000000000e+03
6.463552000000000000e+06,1.054000000000000000e+03
6.464484000000000000e+06,1.059000000000000000e+03
6.465420000000000000e+06,1.112000000000000000e+03
6.466356000000000000e+06,1.017000000000000000e+03
6.467292000000000000e+06,1.048000000000000000e+03
6.468224000000000000e+06,1.034000000000000000e+03
6.469160000000000000e+06,1.036000000000000000e+03
6.470096000000000000e+06,1.033000000000000000e+03
6.471032000000000000e+06,1.062000000000000000e+03
6.471964000000000000e+06,1.081000000000000000e+03
6.472900000000000000e+06,1.066000000000000000e+03
6.473836000000000000e+06,1.085000000000000000e+03
6.474772000000000000e+06,1.040000000000000000e+03
6.475704000000000000e+06,1.055000000000000000e+03
6.476640000000000000e+06,1.126000000000000000e+03
6.477576000000000000e+06,1.084000000000000000e+03
6.478512000000000000e+06,1.106000000000000000e+03
6.479444000000000000e+06,1.118000000000000000e+03
6.480380000000000000e+06,1.064000000000000000e+03
6.481316000000000000e+06,1.028000000000000000e+03
6.482252000000000000e+06,1.037000000000000000e+03
6.483184000000000000e+06,1.018000000000000000e+03
6.484120000000000000e+06,1.029000000000000000e+03
6.485056000000000000e+06,9.910000000000000000e+02
6.485992000000000000e+06,1.054000000000000000e+03
6.486924000000000000e+06,1.007000000000000000e+03
6.487860000000000000e+06,1.019000000000000000e+03
6.488796000000000000e+06,1.020000000000000000e+03
6.489732000000000000e+06,1.086000000000000000e+03
6.491600000000000000e+06,1.081000000000000000e+03
6.492536000000000000e+06,1.054000000000000000e+03
6.493472000000000000e+06,1.064000000000000000e+03
6.494404000000000000e+06,1.053000000000000000e+03
6.495340000000000000e+06,1.071000000000000000e+03
6.496276000000000000e+06,1.077000000000000000e+03
6.497212000000000000e+06,1.045000000000000000e+03
6.498144000000000000e+06,1.034000000000000000e+03
6.499080000000000000e+06,1.024000000000000000e+03
6.500016000000000000e+06,1.058000000000000000e+03
6.500952000000000000e+06,1.083000000000000000e+03
6.501884000000000000e+06,1.065000000000000000e+03
6.502820000000000000e+06,1.017000000000000000e+03
6.503756000000000000e+06,1.068000000000000000e+03
6.504692000000000000e+06,1.041000000000000000e+03
6.505624000000000000e+06,1.011000000000000000e+03
6.506560000000000000e+06,1.049000000000000000e+03
6.507496000000000000e+06,1.104000000000000000e+03
6.508432000000000000e+06,1.064000000000000000e+03
6.509364000000000000e+06,1.062000000000000000e+03
6.510300000000000000e+06,1.051000000000000000e+03
6.511236000000000000e+06,1.034000000000000000e+03
6.512172000000000000e+06,1.021000000000000000e+03
6.513104000000000000e+06,1.051000000000000000e+03
6.514040000000000000e+06,1.069000000000000000e+03
6.514976000000000000e+06,1.032000000000000000e+03
6.515912000000000000e+06,1.047000000000000000e+03
6.516844000000000000e+06,1.066000000000000000e+03
6.517780000000000000e+06,1.073000000000000000e+03
6.518716000000000000e+06,1.068000000000000000e+03
6.519652000000000000e+06,1.037000000000000000e+03
6.520584000000000000e+06,1.020000000000000000e+03
6.521520000000000000e+06,1.050000000000000000e+03
6.522456000000000000e+06,1.054000000000000000e+03
6.523392000000000000e+06,1.095000000000000000e+03
6.524324000000000000e+06,1.051000000000000000e+03
6.525260000000000000e+06,1.060000000000000000e+03
6.526196000000000000e+06,1.025000000000000000e+03
6.527132000000000000e+06,1.081000000000000000e+03
6.528064000000000000e+06,1.092000000000000000e+03
6.529000000000000000e+06,1.016000000000000000e+03
6.529936000000000000e+06,1.045000000000000000e+03
6.530872000000000000e+06,1.022000000000000000e+03
6.531804000000000000e+06,1.028000000000000000e+03
6.532740000000000000e+06,1.058000000000000000e+03
6.533676000000000000e+06,1.098000000000000000e+03
6.534612000000000000e+06,1.086000000000000000e+03
6.535544000000000000e+06,1.079000000000000000e+03
6.536480000000000000e+06,1.040000000000000000e+03
6.537416000000000000e+06,1.043000000000000000e+03
6.538352000000000000e+06,1.059000000000000000e+03
6.539284000000000000e+06,1.045000000000000000e+03
6.540220000000000000e+06,1.077000000000000000e+03
6.541156000000000000e+06,1.058000000000000000e+03
6.542092000000000000e+06,1.004000000000000000e+03
6.543024000000000000e+06,1.042000000000000000e+03
6.543960000000000000e+06,1.040000000000000000e+03
6.544896000000000000e+06,1.067000000000000000e+03
6.545832000000000000e+06,1.100000000000000000e+03
6.546764000000000000e+06,1.036000000000000000e+03
6.547700000000000000e+06,1.035000000000000000e+03
6.548636000000000000e+06,1.030000000000000000e+03
6.549572000000000000e+06,1.068000000000000000e+03
6.550504000000000000e+06,1.084000000000000000e+03
6.551440000000000000e+06,1.073000000000000000e+03
6.552376000000000000e+06,1.036000000000000000e+03
6.553312000000000000e+06,1.029000000000000000e+03
6.554244000000000000e+06,1.044000000000000000e+03
6.555180000000000000e+06,1.029000000000000000e+03
6.556116000000000000e+06,1.050000000000000000e+03
6.557052000000000000e+06,1.026000000000000000e+03
6.557984000000000000e+06,1.048000000000000000e+03
6.558920000000000000e+06,1.105000000000000000e+03
6.559856000000000000e+06,1.059000000000000000e+03
6.560792000000000000e+06,1.073000000000000000e+03
6.561724000000000000e+06,1.040000000000000000e+03
6.562660000000000000e+06,1.046000000000000000e+03
6.563596000000000000e+06,1.068000000000000000e+03
6.564532000000000000e+06,1.044000000000000000e+03
6.565464000000000000e+06,1.071000000000000000e+03
6.566400000000000000e+06,1.050000000000000000e+03
6.567336000000000000e+06,1.043000000000000000e+03
6.568272000000000000e+06,1.070000000000000000e+03
6.569204000000000000e+06,1.091000000000000000e+03
6.570140000000000000e+06,1.076000000000000000e+03
6.571076000000000000e+06,1.085000000000000000e+03
6.572012000000000000e+06,1.058000000000000000e+03
6.572944000000000000e+06,1.044000000000000000e+03
6.573880000000000000e+06,1.032000000000000000e+03
6.574816000000000000e+06,1.029000000000000000e+03
6.575752000000000000e+06,1.077000000000000000e+03
6.576684000000000000e+06,1.055000000000000000e+03
6.577620000000000000e+06,1.064000000000000000e+03
6.578556000000000000e+06,1.085000000000000000e+03
6.579492000000000000e+06,1.075000000000000000e+03
6.580424000000000000e+06,1.073000000000000000e+03
6.581360000000000000e+06,1.084000000000000000e+03
6.582296000000000000e+06,1.022000000000000000e+03
6.583232000000000000e+06,1.000000000000000000e+03
6.584164000000000000e+06,1.048000000000000000e+03
6.585100000000000000e+06,1.011000000000000000e+03
6.586036000000000000e+06,1.020000000000000000e+03
6.586972000000000000e+06,1.037000000000000000e+03
6.587904000000000000e+06,1.068000000000000000e+03
6.588840000000000000e+06,1.075000000000000000e+03
6.589776000000000000e+06,1.050000000000000000e+03
6.590712000000000000e+06,1.054000000000000000e+03
6.591644000000000000e+06,1.034000000000000000e+03
6.592580000000000000e+06,1.118000000000000000e+03
6.593516000000000000e+06,1.085000000000000000e+03
6.594452000000000000e+06,1.078000000000000000e+03
6.595384000000000000e+06,1.031000000000000000e+03
6.596320000000000000e+06,9.730000000000000000e+02
6.597256000000000000e+06,1.003000000000000000e+03
6.598192000000000000e+06,1.029000000000000000e+03
6.599124000000000000e+06,1.040000000000000000e+03
6.600060000000000000e+06,1.038000000000000000e+03
6.600996000000000000e+06,1.024000000000000000e+03
6.601932000000000000e+06,1.036000000000000000e+03
6.602864000000000000e+06,1.028000000000000000e+03
6.603800000000000000e+06,1.065000000000000000e+03
6.604736000000000000e+06,1.066000000000000000e+03
6.605672000000000000e+06,1.045000000000000000e+03
6.606604000000000000e+06,1.074000000000000000e+03
6.607540000000000000e+06,1.091000000000000000e+03
6.608476000000000000e+06,1.039000000000000000e+03
6.609412000000000000e+06,1.088000000000000000e+03
6.610344000000000000e+06,1.087000000000000000e+03
6.611280000000000000e+06,1.049000000000000000e+03
6.612216000000000000e+06,1.079000000000000000e+03
6.613152000000000000e+06,1.043000000000000000e+03
6.614084000000000000e+06,1.039000000000000000e+03
6.615020000000000000e+06,1.055000000000000000e+03
6.615956000000000000e+06,1.078000000000000000e+03
6.616892000000000000e+06,1.005000000000000000e+03
6.617824000000000000e+06,1.060000000000000000e+03
6.618760000000000000e+06,1.078000000000000000e+03
6.619696000000000000e+06,1.081000000000000000e+03
6.620632000000000000e+06,1.048000000000000000e+03
6.621564000000000000e+06,1.059000000000000000e+03
6.622500000000000000e+06,1.070000000000000000e+03
6.623436000000000000e+06,1.029000000000000000e+03
6.624372000000000000e+06,1.023000000000000000e+03
6.625304000000000000e+06,9.970000000000000000e+02
6.626240000000000000e+06,9.810000000000000000e+02
6.627176000000000000e+06,1.030000000000000000e+03
6.628112000000000000e+06,1.076000000000000000e+03
6.629044000000000000e+06,1.090000000000000000e+03
6.629980000000000000e+06,1.089000000000000000e+03
6.630916000000000000e+06,1.036000000000000000e+03
6.631852000000000000e+06,1.007000000000000000e+03
6.632784000000000000e+06,1.021000000000000000e+03
6.633720000000000000e+06,1.062000000000000000e+03
6.634656000000000000e+06,1.060000000000000000e+03
6.635592000000000000e+06,1.031000000000000000e+03
6.636524000000000000e+06,1.055000000000000000e+03
6.637460000000000000e+06,1.026000000000000000e+03
6.638396000000000000e+06,1.017000000000000000e+03
6.639332000000000000e+06,1.059000000000000000e+03
6.640264000000000000e+06,1.041000000000000000e+03
6.641200000000000000e+06,1.053000000000000000e+03
6.642136000000000000e+06,1.061000000000000000e+03
6.643072000000000000e+06,1.048000000000000000e+03
6.644004000000000000e+06,1.040000000000000000e+03
6.644940000000000000e+06,1.045000000000000000e+03
6.645876000000000000e+06,1.088000000000000000e+03
6.646812000000000000e+06,1.045000000000000000e+03
6.647744000000000000e+06,1.083000000000000000e+03
6.648680000000000000e+06,1.049000000000000000e+03
6.649616000000000000e+06,1.030000000000000000e+03
6.650552000000000000e+06,1.063000000000000000e+03
6.651484000000000000e+06,1.067000000000000000e+03
6.652420000000000000e+06,1.065000000000000000e+03
6.653356000000000000e+06,1.064000000000000000e+03
6.654292000000000000e+06,1.038000000000000000e+03
6.655224000000000000e+06,1.076000000000000000e+03
6.656160000000000000e+06,1.113000000000000000e+03
6.657096000000000000e+06,1.048000000000000000e+03
6.658032000000000000e+06,1.071000000000000000e+03
6.658964000000000000e+06,1.073000000000000000e+03
6.659900000000000000e+06,1.101000000000000000e+03
6.660836000000000000e+06,1.091000000000000000e+03
6.661772000000000000e+06,1.058000000000000000e+03
6.662704000000000000e+06,1.092000000000000000e+03
6.663640000000000000e+06,1.051000000000000000e+03
6.664576000000000000e+06,1.039000000000000000e+03
6.665512000000000000e+06,1.043000000000000000e+03
6.666444000000000000e+06,1.067000000000000000e+03
6.667380000000000000e+06,1.068000000000000000e+03
6.668316000000000000e+06,1.075000000000000000e+03
6.669252000000000000e+06,1.081000000000000000e+03
6.670184000000000000e+06,1.068000000000000000e+03
6.671120000000000000e+06,1.065000000000000000e+03
6.672056000000000000e+06,1.047000000000000000e+03
6.672992000000000000e+06,1.014000000000000000e+03
6.673924000000000000e+06,1.051000000000000000e+03
6.674860000000000000e+06,1.047000000000000000e+03
6.675796000000000000e+06,1.054000000000000000e+03
6.676732000000000000e+06,1.055000000000000000e+03
6.677664000000000000e+06,1.053000000000000000e+03
6.678600000000000000e+06,1.100000000000000000e+03
6.679536000000000000e+06,1.046000000000000000e+03
6.680472000000000000e+06,1.066000000000000000e+03
6.681404000000000000e+06,1.068000000000000000e+03
6.682340000000000000e+06,1.068000000000000000e+03
6.683276000000000000e+06,1.061000000000000000e+03
6.684212000000000000e+06,1.074000000000000000e+03
6.685144000000000000e+06,1.068000000000000000e+03
6.686080000000000000e+06,1.082000000000000000e+03
6.687016000000000000e+06,1.094000000000000000e+03
6.687952000000000000e+06,1.018000000000000000e+03
6.688884000000000000e+06,1.032000000000000000e+03
6.689820000000000000e+06,1.009000000000000000e+03
6.690756000000000000e+06,1.015000000000000000e+03
6.691692000000000000e+06,1.048000000000000000e+03
6.692624000000000000e+06,1.061000000000000000e+03
6.693560000000000000e+06,1.045000000000000000e+03
6.694496000000000000e+06,1.065000000000000000e+03
6.695432000000000000e+06,1.082000000000000000e+03
6.696364000000000000e+06,1.054000000000000000e+03
6.697300000000000000e+06,1.072000000000000000e+03
6.698236000000000000e+06,1.096000000000000000e+03
6.699172000000000000e+06,1.089000000000000000e+03
6.700104000000000000e+06,1.085000000000000000e+03
6.701040000000000000e+06,1.056000000000000000e+03
6.701976000000000000e+06,1.051000000000000000e+03
6.702912000000000000e+06,1.004000000000000000e+03
6.703844000000000000e+06,1.031000000000000000e+03
6.704780000000000000e+06,1.083000000000000000e+03
6.705716000000000000e+06,1.061000000000000000e+03
6.706652000000000000e+06,1.038000000000000000e+03
6.707584000000000000e+06,1.027000000000000000e+03
6.708520000000000000e+06,1.060000000000000000e+03
6.709456000000000000e+06,1.077000000000000000e+03
6.710392000000000000e+06,1.103000000000000000e+03
6.711324000000000000e+06,1.070000000000000000e+03
6.712260000000000000e+06,1.047000000000000000e+03
6.713196000000000000e+06,1.018000000000000000e+03
6.714132000000000000e+06,1.087000000000000000e+03
6.715064000000000000e+06,1.000000000000000000e+03
6.716000000000000000e+06,9.910000000000000000e+02
6.716936000000000000e+06,1.014000000000000000e+03
6.717872000000000000e+06,1.039000000000000000e+03
6.718804000000000000e+06,1.039000000000000000e+03
6.719740000000000000e+06,1.025000000000000000e+03
6.720676000000000000e+06,1.045000000000000000e+03
6.721612000000000000e+06,1.088000000000000000e+03
6.722544000000000000e+06,1.088000000000000000e+03
6.723480000000000000e+06,1.049000000000000000e+03
6.724416000000000000e+06,1.034000000000000000e+03
6.725352000000000000e+06,1.063000000000000000e+03
6.726284000000000000e+06,1.019000000000000000e+03
6.727220000000000000e+06,1.039000000000000000e+03
6.728156000000000000e+06,1.059000000000000000e+03
6.729092000000000000e+06,1.024000000000000000e+03
6.730024000000000000e+06,1.030000000000000000e+03
6.730960000000000000e+06,1.032000000000000000e+03
6.731896000000000000e+06,1.051000000000000000e+03
6.732832000000000000e+06,1.039000000000000000e+03
6.733764000000000000e+06,1.089000000000000000e+03
6.734700000000000000e+06,1.044000000000000000e+03
6.735636000000000000e+06,1.075000000000000000e+03
6.736572000000000000e+06,1.018000000000000000e+03
6.737504000000000000e+06,1.063000000000000000e+03
6.738440000000000000e+06,1.014000000000000000e+03
6.739376000000000000e+06,1.033000000000000000e+03
6.740312000000000000e+06,1.051000000000000000e+03
6.741244000000000000e+06,1.065000000000000000e+03
6.742180000000000000e+06,1.073000000000000000e+03
6.743116000000000000e+06,1.046000000000000000e+03
6.744052000000000000e+06,1.010000000000000000e+03
6.744984000000000000e+06,1.074000000000000000e+03
6.745920000000000000e+06,1.044000000000000000e+03
6.746856000000000000e+06,1.078000000000000000e+03
6.747792000000000000e+06,1.066000000000000000e+03
6.748724000000000000e+06,1.043000000000000000e+03
6.749660000000000000e+06,1.043000000000000000e+03
6.750596000000000000e+06,1.027000000000000000e+03
6.751532000000000000e+06,1.028000000000000000e+03
6.752464000000000000e+06,1.030000000000000000e+03
6.753400000000000000e+06,1.080000000000000000e+03
6.754336000000000000e+06,1.086000000000000000e+03
6.755272000000000000e+06,1.052000000000000000e+03
6.756204000000000000e+06,1.050000000000000000e+03
6.757140000000000000e+06,1.075000000000000000e+03
6.758076000000000000e+06,1.066000000000000000e+03
6.759012000000000000e+06,1.076000000000000000e+03
6.759944000000000000e+06,1.065000000000000000e+03
6.760880000000000000e+06,1.062000000000000000e+03
6.761816000000000000e+06,1.069000000000000000e+03
6.762752000000000000e+06,1.082000000000000000e+03
6.763684000000000000e+06,1.044000000000000000e+03
6.764620000000000000e+06,1.091000000000000000e+03
6.765556000000000000e+06,1.094000000000000000e+03
6.766492000000000000e+06,1.082000000000000000e+03
6.767424000000000000e+06,1.022000000000000000e+03
6.768360000000000000e+06,1.074000000000000000e+03
6.769296000000000000e+06,1.031000000000000000e+03
6.770232000000000000e+06,1.079000000000000000e+03
6.771164000000000000e+06,1.052000000000000000e+03
6.772100000000000000e+06,1.045000000000000000e+03
6.773036000000000000e+06,1.049000000000000000e+03
6.773972000000000000e+06,1.066000000000000000e+03
6.774904000000000000e+06,1.040000000000000000e+03
6.775840000000000000e+06,1.074000000000000000e+03
6.776776000000000000e+06,1.045000000000000000e+03
6.777712000000000000e+06,1.029000000000000000e+03
6.778644000000000000e+06,1.036000000000000000e+03
6.779580000000000000e+06,1.077000000000000000e+03
6.780516000000000000e+06,1.077000000000000000e+03
6.781452000000000000e+06,1.087000000000000000e+03
6.782384000000000000e+06,1.084000000000000000e+03
6.783320000000000000e+06,1.056000000000000000e+03
6.784256000000000000e+06,1.025000000000000000e+03
6.785192000000000000e+06,1.055000000000000000e+03
6.786124000000000000e+06,1.097000000000000000e+03
6.787060000000000000e+06,1.087000000000000000e+03
6.787996000000000000e+06,1.010000000000000000e+03
6.788932000000000000e+06,1.021000000000000000e+03
6.789864000000000000e+06,1.031000000000000000e+03
6.790800000000000000e+06,1.066000000000000000e+03
6.791736000000000000e+06,1.108000000000000000e+03
6.792672000000000000e+06,1.083000000000000000e+03
6.793604000000000000e+06,1.054000000000000000e+03
6.794540000000000000e+06,9.970000000000000000e+02
6.795476000000000000e+06,1.031000000000000000e+03
6.796412000000000000e+06,1.048000000000000000e+03
6.797344000000000000e+06,1.068000000000000000e+03
6.798280000000000000e+06,1.077000000000000000e+03
6.799216000000000000e+06,1.026000000000000000e+03
6.800152000000000000e+06,1.036000000000000000e+03
6.801084000000000000e+06,1.067000000000000000e+03
6.802020000000000000e+06,1.071000000000000000e+03
6.802956000000000000e+06,1.060000000000000000e+03
6.803892000000000000e+06,1.070000000000000000e+03
6.804824000000000000e+06,1.056000000000000000e+03
6.805760000000000000e+06,1.146000000000000000e+03
6.806696000000000000e+06,1.085000000000000000e+03
6.807632000000000000e+06,1.089000000000000000e+03
6.808564000000000000e+06,1.062000000000000000e+03
6.809500000000000000e+06,1.054000000000000000e+03
6.810436000000000000e+06,1.069000000000000000e+03
6.811372000000000000e+06,1.074000000000000000e+03
6.812304000000000000e+06,1.038000000000000000e+03
6.813240000000000000e+06,1.066000000000000000e+03
6.814176000000000000e+06,1.060000000000000000e+03
6.815112000000000000e+06,9.830000000000000000e+02
6.816044000000000000e+06,9.790000000000000000e+02
6.816980000000000000e+06,1.011000000000000000e+03
6.817916000000000000e+06,1.064000000000000000e+03
6.818852000000000000e+06,1.087000000000000000e+03
6.819784000000000000e+06,1.070000000000000000e+03
6.820720000000000000e+06,1.048000000000000000e+03
6.821656000000000000e+06,1.064000000000000000e+03
6.822592000000000000e+06,1.063000000000000000e+03
6.823524000000000000e+06,1.047000000000000000e+03
6.824460000000000000e+06,1.050000000000000000e+03
6.825396000000000000e+06,1.044000000000000000e+03
6.826332000000000000e+06,1.014000000000000000e+03
6.827264000000000000e+06,1.033000000000000000e+03
6.828200000000000000e+06,1.041000000000000000e+03
6.829136000000000000e+06,1.035000000000000000e+03
6.830072000000000000e+06,1.035000000000000000e+03
6.831004000000000000e+06,1.034000000000000000e+03
6.831940000000000000e+06,1.041000000000000000e+03
6.832876000000000000e+06,1.071000000000000000e+03
6.833812000000000000e+06,1.068000000000000000e+03
6.834744000000000000e+06,1.051000000000000000e+03
6.835680000000000000e+06,1.081000000000000000e+03
6.836616000000000000e+06,1.051000000000000000e+03
6.837552000000000000e+06,1.093000000000000000e+03
6.838484000000000000e+06,1.096000000000000000e+03
6.839420000000000000e+06,1.073000000000000000e+03
6.840356000000000000e+06,1.079000000000000000e+03
6.841292000000000000e+06,1.059000000000000000e+03
6.842224000000000000e+06,1.070000000000000000e+03
6.843160000000000000e+06,1.062000000000000000e+03
6.844096000000000000e+06,1.061000000000000000e+03
6.845032000000000000e+06,1.010000000000000000e+03
6.845964000000000000e+06,1.010000000000000000e+03
6.846900000000000000e+06,1.092000000000000000e+03
6.847836000000000000e+06,1.071000000000000000e+03
6.848772000000000000e+06,1.055000000000000000e+03
6.849704000000000000e+06,1.050000000000000000e+03
6.850640000000000000e+06,1.078000000000000000e+03
6.851576000000000000e+06,1.080000000000000000e+03
6.852512000000000000e+06,1.058000000000000000e+03
6.853444000000000000e+06,1.064000000000000000e+03
6.854380000000000000e+06,1.060000000000000000e+03
6.855316000000000000e+06,1.004000000000000000e+03
6.856252000000000000e+06,9.870000000000000000e+02
6.857184000000000000e+06,1.010000000000000000e+03
6.858120000000000000e+06,1.021000000000000000e+03
6.859056000000000000e+06,1.033000000000000000e+03
6.859992000000000000e+06,1.073000000000000000e+03
6.860924000000000000e+06,1.062000000000000000e+03
6.861860000000000000e+06,1.066000000000000000e+03
6.862796000000000000e+06,1.068000000000000000e+03
6.863732000000000000e+06,1.067000000000000000e+03
6.864664000000000000e+06,1.053000000000000000e+03
6.865600000000000000e+06,1.087000000000000000e+03
6.866536000000000000e+06,1.024000000000000000e+03
6.867472000000000000e+06,1.097000000000000000e+03
6.868404000000000000e+06,1.067000000000000000e+03
6.869340000000000000e+06,1.097000000000000000e+03
6.870276000000000000e+06,1.096000000000000000e+03
6.871212000000000000e+06,1.079000000000000000e+03
6.872144000000000000e+06,1.040000000000000000e+03
6.873080000000000000e+06,1.110000000000000000e+03
6.874016000000000000e+06,1.072000000000000000e+03
6.874952000000000000e+06,1.064000000000000000e+03
6.875884000000000000e+06,1.056000000000000000e+03
6.876820000000000000e+06,9.880000000000000000e+02
6.877756000000000000e+06,1.060000000000000000e+03
6.878692000000000000e+06,1.046000000000000000e+03
6.879624000000000000e+06,1.023000000000000000e+03
6.880560000000000000e+06,1.032000000000000000e+03
6.881496000000000000e+06,1.047000000000000000e+03
6.882432000000000000e+06,1.016000000000000000e+03
6.883364000000000000e+06,1.022000000000000000e+03
6.884300000000000000e+06,1.012000000000000000e+03
6.885236000000000000e+06,1.027000000000000000e+03
6.886172000000000000e+06,1.046000000000000000e+03
6.887104000000000000e+06,1.076000000000000000e+03
6.888040000000000000e+06,1.088000000000000000e+03
6.888976000000000000e+06,1.106000000000000000e+03
6.889912000000000000e+06,1.070000000000000000e+03
6.890844000000000000e+06,1.073000000000000000e+03
6.891780000000000000e+06,1.054000000000000000e+03
6.892716000000000000e+06,1.067000000000000000e+03
6.893652000000000000e+06,1.057000000000000000e+03
6.894584000000000000e+06,1.030000000000000000e+03
6.895520000000000000e+06,1.072000000000000000e+03
6.896456000000000000e+06,1.048000000000000000e+03
6.897392000000000000e+06,1.031000000000000000e+03
6.898324000000000000e+06,1.082000000000000000e+03
6.899260000000000000e+06,1.060000000000000000e+03
6.900196000000000000e+06,1.068000000000000000e+03
6.901132000000000000e+06,1.077000000000000000e+03
6.902064000000000000e+06,1.062000000000000000e+03
6.903000000000000000e+06,1.074000000000000000e+03
6.903936000000000000e+06,1.058000000000000000e+03
6.904872000000000000e+06,1.045000000000000000e+03
6.905804000000000000e+06,1.068000000000000000e+03
6.906740000000000000e+06,1.076000000000000000e+03
6.907676000000000000e+06,1.046000000000000000e+03
6.908612000000000000e+06,1.037000000000000000e+03
6.909544000000000000e+06,1.023000000000000000e+03
6.910480000000000000e+06,1.009000000000000000e+03
6.911416000000000000e+06,1.040000000000000000e+03
6.912352000000000000e+06,1.001000000000000000e+03
6.913284000000000000e+06,1.010000000000000000e+03
6.914220000000000000e+06,1.052000000000000000e+03
6.915156000000000000e+06,1.037000000000000000e+03
6.916092000000000000e+06,1.086000000000000000e+03
6.917024000000000000e+06,1.024000000000000000e+03
6.917960000000000000e+06,1.028000000000000000e+03
6.918896000000000000e+06,1.094000000000000000e+03
6.919832000000000000e+06,1.073000000000000000e+03
6.920764000000000000e+06,1.044000000000000000e+03
6.921700000000000000e+06,1.071000000000000000e+03
6.922636000000000000e+06,1.046000000000000000e+03
6.923572000000000000e+06,1.057000000000000000e+03
6.924504000000000000e+06,1.036000000000000000e+03
6.925440000000000000e+06,1.051000000000000000e+03
6.926376000000000000e+06,1.077000000000000000e+03
6.927312000000000000e+06,1.031000000000000000e+03
6.928244000000000000e+06,1.048000000000000000e+03
6.929180000000000000e+06,1.043000000000000000e+03
6.930116000000000000e+06,1.020000000000000000e+03
6.931052000000000000e+06,1.060000000000000000e+03
6.931984000000000000e+06,1.059000000000000000e+03
6.932920000000000000e+06,1.046000000000000000e+03
6.933856000000000000e+06,1.064000000000000000e+03
6.934792000000000000e+06,1.037000000000000000e+03
6.935724000000000000e+06,1.069000000000000000e+03
6.936660000000000000e+06,1.094000000000000000e+03
6.937596000000000000e+06,1.040000000000000000e+03
6.938532000000000000e+06,1.049000000000000000e+03
6.939464000000000000e+06,1.087000000000000000e+03
6.940400000000000000e+06,1.093000000000000000e+03
6.941336000000000000e+06,1.065000000000000000e+03
6.942272000000000000e+06,1.039000000000000000e+03
6.943204000000000000e+06,1.038000000000000000e+03
6.944140000000000000e+06,1.058000000000000000e+03
6.945076000000000000e+06,1.022000000000000000e+03
6.946012000000000000e+06,1.030000000000000000e+03
6.946944000000000000e+06,1.073000000000000000e+03
6.947880000000000000e+06,1.073000000000000000e+03
6.948816000000000000e+06,1.056000000000000000e+03
6.949752000000000000e+06,1.072000000000000000e+03
6.950684000000000000e+06,1.031000000000000000e+03
6.951620000000000000e+06,1.067000000000000000e+03
6.952556000000000000e+06,1.068000000000000000e+03
6.953492000000000000e+06,1.071000000000000000e+03
6.954424000000000000e+06,1.018000000000000000e+03
6.955360000000000000e+06,1.078000000000000000e+03
6.956296000000000000e+06,1.075000000000000000e+03
6.957232000000000000e+06,1.041000000000000000e+03
6.958164000000000000e+06,1.039000000000000000e+03
6.959100000000000000e+06,1.061000000000000000e+03
6.960036000000000000e+06,1.058000000000000000e+03
6.960972000000000000e+06,1.063000000000000000e+03
6.961904000000000000e+06,1.076000000000000000e+03
6.962840000000000000e+06,1.055000000000000000e+03
6.963776000000000000e+06,1.053000000000000000e+03
6.964712000000000000e+06,1.019000000000000000e+03
6.965644000000000000e+06,1.061000000000000000e+03
6.966580000000000000e+06,1.058000000000000000e+03
6.967516000000000000e+06,1.067000000000000000e+03
6.968452000000000000e+06,1.059000000000000000e+03
6.969384000000000000e+06,1.048000000000000000e+03
6.970320000000000000e+06,1.052000000000000000e+03
6.971256000000000000e+06,1.055000000000000000e+03
6.972192000000000000e+06,1.053000000000000000e+03
6.973124000000000000e+06,1.059000000000000000e+03
6.974060000000000000e+06,1.073000000000000000e+03
6.974996000000000000e+06,1.038000000000000000e+03
6.975932000000000000e+06,1.039000000000000000e+03
6.976864000000000000e+06,1.086000000000000000e+03
6.977800000000000000e+06,1.032000000000000000e+03
6.978736000000000000e+06,1.071000000000000000e+03
6.979672000000000000e+06,1.058000000000000000e+03
6.980604000000000000e+06,1.071000000000000000e+03
6.981540000000000000e+06,1.046000000000000000e+03
6.982476000000000000e+06,1.053000000000000000e+03
6.983412000000000000e+06,1.027000000000000000e+03
6.984344000000000000e+06,1.080000000000000000e+03
6.985280000000000000e+06,1.095000000000000000e+03
6.986216000000000000e+06,1.080000000000000000e+03
6.987152000000000000e+06,1.091000000000000000e+03
6.988084000000000000e+06,1.105000000000000000e+03
6.989020000000000000e+06,1.051000000000000000e+03
6.989956000000000000e+06,1.075000000000000000e+03
6.990892000000000000e+06,1.054000000000000000e+03
6.991824000000000000e+06,1.052000000000000000e+03
6.992760000000000000e+06,1.044000000000000000e+03
6.993696000000000000e+06,1.025000000000000000e+03
6.994632000000000000e+06,1.010000000000000000e+03
6.995564000000000000e+06,1.090000000000000000e+03
6.996500000000000000e+06,1.021000000000000000e+03
6.997436000000000000e+06,1.059000000000000000e+03
6.998372000000000000e+06,1.045000000000000000e+03
6.999304000000000000e+06,1.054000000000000000e+03
7.000240000000000000e+06,1.069000000000000000e+03
7.001176000000000000e+06,1.066000000000000000e+03
7.002112000000000000e+06,1.059000000000000000e+03
7.003044000000000000e+06,1.060000000000000000e+03
7.003980000000000000e+06,1.042000000000000000e+03
7.004916000000000000e+06,1.088000000000000000e+03
7.005852000000000000e+06,1.093000000000000000e+03
7.006784000000000000e+06,1.059000000000000000e+03
7.007720000000000000e+06,1.038000000000000000e+03
7.008656000000000000e+06,1.038000000000000000e+03
7.009592000000000000e+06,1.038000000000000000e+03
7.010524000000000000e+06,1.033000000000000000e+03
7.011460000000000000e+06,1.030000000000000000e+03
7.012396000000000000e+06,1.044000000000000000e+03
7.013332000000000000e+06,1.076000000000000000e+03
7.014264000000000000e+06,1.027000000000000000e+03
7.015200000000000000e+06,1.028000000000000000e+03
7.016136000000000000e+06,1.097000000000000000e+03
7.017072000000000000e+06,1.043000000000000000e+03
7.018004000000000000e+06,1.064000000000000000e+03
7.018940000000000000e+06,1.059000000000000000e+03
7.019876000000000000e+06,1.036000000000000000e+03
7.020812000000000000e+06,1.072000000000000000e+03
7.021744000000000000e+06,1.088000000000000000e+03
7.022680000000000000e+06,1.086000000000000000e+03
7.023620000000000000e+06,1.045000000000000000e+03
7.024552000000000000e+06,1.051000000000000000e+03
7.025484000000000000e+06,1.117000000000000000e+03
7.026420000000000000e+06,1.032000000000000000e+03
7.027356000000000000e+06,1.054000000000000000e+03
7.028292000000000000e+06,1.067000000000000000e+03
7.029224000000000000e+06,1.066000000000000000e+03
7.030160000000000000e+06,1.054000000000000000e+03
7.031096000000000000e+06,1.039000000000000000e+03
7.032032000000000000e+06,1.021000000000000000e+03
7.032964000000000000e+06,1.046000000000000000e+03
7.033900000000000000e+06,1.067000000000000000e+03
7.034836000000000000e+06,1.030000000000000000e+03
7.035772000000000000e+06,1.069000000000000000e+03
7.036704000000000000e+06,1.092000000000000000e+03
7.037640000000000000e+06,1.050000000000000000e+03
7.038576000000000000e+06,1.064000000000000000e+03
7.039512000000000000e+06,1.054000000000000000e+03
7.040444000000000000e+06,1.053000000000000000e+03
7.041380000000000000e+06,1.028000000000000000e+03
7.042316000000000000e+06,1.026000000000000000e+03
7.043252000000000000e+06,1.042000000000000000e+03
7.044184000000000000e+06,1.070000000000000000e+03
7.045128000000000000e+06,1.053000000000000000e+03
7.046056000000000000e+06,1.038000000000000000e+03
7.046992000000000000e+06,1.078000000000000000e+03
7.047924000000000000e+06,1.082000000000000000e+03
7.048860000000000000e+06,1.073000000000000000e+03
7.049796000000000000e+06,1.022000000000000000e+03
7.050732000000000000e+06,1.004000000000000000e+03
7.051664000000000000e+06,1.042000000000000000e+03
7.052600000000000000e+06,1.096000000000000000e+03
7.053536000000000000e+06,1.027000000000000000e+03
7.054472000000000000e+06,1.056000000000000000e+03
7.055404000000000000e+06,1.092000000000000000e+03
7.056340000000000000e+06,1.078000000000000000e+03
7.057276000000000000e+06,1.089000000000000000e+03
7.058212000000000000e+06,1.077000000000000000e+03
7.059144000000000000e+06,1.029000000000000000e+03
7.060080000000000000e+06,1.056000000000000000e+03
7.061016000000000000e+06,1.053000000000000000e+03
7.061952000000000000e+06,1.073000000000000000e+03
7.062884000000000000e+06,1.062000000000000000e+03
7.063820000000000000e+06,1.074000000000000000e+03
7.064756000000000000e+06,1.012000000000000000e+03
7.065692000000000000e+06,1.027000000000000000e+03
7.066632000000000000e+06,1.040000000000000000e+03
7.067560000000000000e+06,1.063000000000000000e+03
7.068496000000000000e+06,1.073000000000000000e+03
7.069432000000000000e+06,1.085000000000000000e+03
7.070364000000000000e+06,1.069000000000000000e+03
7.071300000000000000e+06,1.036000000000000000e+03
7.072236000000000000e+06,1.032000000000000000e+03
7.073172000000000000e+06,1.061000000000000000e+03
7.074104000000000000e+06,1.067000000000000000e+03
7.075040000000000000e+06,1.066000000000000000e+03
7.075976000000000000e+06,1.044000000000000000e+03
7.076912000000000000e+06,1.071000000000000000e+03
7.077844000000000000e+06,1.055000000000000000e+03
7.078780000000000000e+06,1.010000000000000000e+03
7.079716000000000000e+06,1.031000000000000000e+03
7.081584000000000000e+06,1.055000000000000000e+03
7.082520000000000000e+06,1.076000000000000000e+03
7.083456000000000000e+06,1.063000000000000000e+03
7.084392000000000000e+06,1.056000000000000000e+03
7.085324000000000000e+06,1.049000000000000000e+03
7.086260000000000000e+06,1.018000000000000000e+03
7.087196000000000000e+06,1.072000000000000000e+03
7.088136000000000000e+06,1.048000000000000000e+03
7.089064000000000000e+06,1.026000000000000000e+03
7.090000000000000000e+06,1.079000000000000000e+03
7.090936000000000000e+06,1.031000000000000000e+03
7.091872000000000000e+06,1.061000000000000000e+03
7.092804000000000000e+06,1.055000000000000000e+03
7.093740000000000000e+06,1.047000000000000000e+03
7.094676000000000000e+06,1.125000000000000000e+03
7.095612000000000000e+06,1.088000000000000000e+03
7.096544000000000000e+06,1.050000000000000000e+03
7.097480000000000000e+06,1.031000000000000000e+03
7.098416000000000000e+06,1.049000000000000000e+03
7.099352000000000000e+06,1.051000000000000000e+03
7.100284000000000000e+06,1.043000000000000000e+03
7.101220000000000000e+06,1.027000000000000000e+03
7.102156000000000000e+06,1.049000000000000000e+03
7.103092000000000000e+06,1.068000000000000000e+03
7.104024000000000000e+06,1.104000000000000000e+03
7.104960000000000000e+06,1.078000000000000000e+03
7.105896000000000000e+06,1.046000000000000000e+03
7.106832000000000000e+06,1.042000000000000000e+03
7.107764000000000000e+06,1.028000000000000000e+03
7.108700000000000000e+06,1.026000000000000000e+03
7.109644000000000000e+06,1.057000000000000000e+03
7.110572000000000000e+06,1.044000000000000000e+03
7.111504000000000000e+06,1.014000000000000000e+03
7.112440000000000000e+06,1.071000000000000000e+03
7.113376000000000000e+06,1.065000000000000000e+03
7.114312000000000000e+06,1.093000000000000000e+03
7.115244000000000000e+06,1.097000000000000000e+03
7.116180000000000000e+06,1.090000000000000000e+03
7.117116000000000000e+06,1.068000000000000000e+03
7.118052000000000000e+06,1.085000000000000000e+03
7.118984000000000000e+06,1.106000000000000000e+03
7.119920000000000000e+06,1.042000000000000000e+03
7.120856000000000000e+06,1.020000000000000000e+03
7.121792000000000000e+06,1.086000000000000000e+03
7.122724000000000000e+06,1.029000000000000000e+03
7.123660000000000000e+06,9.980000000000000000e+02
7.124596000000000000e+06,1.008000000000000000e+03
7.125532000000000000e+06,1.034000000000000000e+03
7.126464000000000000e+06,1.037000000000000000e+03
7.127400000000000000e+06,1.122000000000000000e+03
7.128336000000000000e+06,1.096000000000000000e+03
7.129272000000000000e+06,1.088000000000000000e+03
7.130204000000000000e+06,1.026000000000000000e+03
7.131148000000000000e+06,1.001000000000000000e+03
7.132076000000000000e+06,1.043000000000000000e+03
7.133012000000000000e+06,1.003000000000000000e+03
7.133944000000000000e+06,1.032000000000000000e+03
7.134880000000000000e+06,1.058000000000000000e+03
7.135816000000000000e+06,1.047000000000000000e+03
7.136752000000000000e+06,1.028000000000000000e+03
7.137684000000000000e+06,1.031000000000000000e+03
7.138620000000000000e+06,1.022000000000000000e+03
7.139556000000000000e+06,1.043000000000000000e+03
7.140492000000000000e+06,1.072000000000000000e+03
7.141424000000000000e+06,1.047000000000000000e+03
7.142360000000000000e+06,1.035000000000000000e+03
7.143296000000000000e+06,1.040000000000000000e+03
7.144232000000000000e+06,1.036000000000000000e+03
7.145164000000000000e+06,1.080000000000000000e+03
7.147036000000000000e+06,1.068000000000000000e+03
7.147972000000000000e+06,1.081000000000000000e+03
7.148904000000000000e+06,1.056000000000000000e+03
7.149840000000000000e+06,1.060000000000000000e+03
7.150776000000000000e+06,1.062000000000000000e+03
7.151712000000000000e+06,1.053000000000000000e+03
7.152652000000000000e+06,1.060000000000000000e+03
7.153580000000000000e+06,1.035000000000000000e+03
7.154516000000000000e+06,1.052000000000000000e+03
7.155452000000000000e+06,1.099000000000000000e+03
7.156384000000000000e+06,1.049000000000000000e+03
7.157320000000000000e+06,1.057000000000000000e+03
7.158256000000000000e+06,1.044000000000000000e+03
7.159192000000000000e+06,1.055000000000000000e+03
7.160124000000000000e+06,1.096000000000000000e+03
7.161060000000000000e+06,1.029000000000000000e+03
7.161996000000000000e+06,1.014000000000000000e+03
7.162932000000000000e+06,1.029000000000000000e+03
7.163864000000000000e+06,1.047000000000000000e+03
7.164800000000000000e+06,1.004000000000000000e+03
7.165736000000000000e+06,1.014000000000000000e+03
7.166672000000000000e+06,1.011000000000000000e+03
7.167604000000000000e+06,1.063000000000000000e+03
7.168540000000000000e+06,1.053000000000000000e+03
7.169476000000000000e+06,1.051000000000000000e+03
7.170412000000000000e+06,1.043000000000000000e+03
7.171344000000000000e+06,1.029000000000000000e+03
7.172280000000000000e+06,1.027000000000000000e+03
7.173216000000000000e+06,1.048000000000000000e+03
7.174156000000000000e+06,1.036000000000000000e+03
7.175084000000000000e+06,1.077000000000000000e+03
7.176020000000000000e+06,1.093000000000000000e+03
7.176956000000000000e+06,1.089000000000000000e+03
7.177892000000000000e+06,1.069000000000000000e+03
7.178824000000000000e+06,1.080000000000000000e+03
7.179760000000000000e+06,1.061000000000000000e+03
7.180696000000000000e+06,1.047000000000000000e+03
7.181632000000000000e+06,1.027000000000000000e+03
7.182564000000000000e+06,1.050000000000000000e+03
7.183500000000000000e+06,1.058000000000000000e+03
7.184436000000000000e+06,1.086000000000000000e+03
7.185372000000000000e+06,1.071000000000000000e+03
7.186304000000000000e+06,1.059000000000000000e+03
7.187240000000000000e+06,1.087000000000000000e+03
7.188176000000000000e+06,1.080000000000000000e+03
7.189112000000000000e+06,1.031000000000000000e+03
7.190044000000000000e+06,1.021000000000000000e+03
7.190980000000000000e+06,1.065000000000000000e+03
7.191916000000000000e+06,1.106000000000000000e+03
7.192852000000000000e+06,1.098000000000000000e+03
7.193784000000000000e+06,1.042000000000000000e+03
7.194720000000000000e+06,1.019000000000000000e+03
7.195664000000000000e+06,1.002000000000000000e+03
7.196592000000000000e+06,1.020000000000000000e+03
7.197524000000000000e+06,1.065000000000000000e+03
7.198460000000000000e+06,1.088000000000000000e+03
7.199396000000000000e+06,1.040000000000000000e+03
7.200332000000000000e+06,1.073000000000000000e+03
7.201264000000000000e+06,1.051000000000000000e+03
7.202200000000000000e+06,1.061000000000000000e+03
7.203136000000000000e+06,1.028000000000000000e+03
7.204072000000000000e+06,1.005000000000000000e+03
7.205004000000000000e+06,1.047000000000000000e+03
7.205940000000000000e+06,1.076000000000000000e+03
7.206876000000000000e+06,1.061000000000000000e+03
7.207812000000000000e+06,1.070000000000000000e+03
7.208744000000000000e+06,1.038000000000000000e+03
7.209680000000000000e+06,1.025000000000000000e+03
7.210616000000000000e+06,1.032000000000000000e+03
7.212484000000000000e+06,1.068000000000000000e+03
7.213420000000000000e+06,1.075000000000000000e+03
7.214356000000000000e+06,1.085000000000000000e+03
7.215292000000000000e+06,1.080000000000000000e+03
7.216224000000000000e+06,1.058000000000000000e+03
7.217168000000000000e+06,1.090000000000000000e+03
7.218096000000000000e+06,1.075000000000000000e+03
7.219032000000000000e+06,1.054000000000000000e+03
7.219964000000000000e+06,1.074000000000000000e+03
7.220900000000000000e+06,1.045000000000000000e+03
7.221836000000000000e+06,1.014000000000000000e+03
7.222772000000000000e+06,1.012000000000000000e+03
7.223704000000000000e+06,1.053000000000000000e+03
7.224640000000000000e+06,1.049000000000000000e+03
7.225576000000000000e+06,1.039000000000000000e+03
7.226512000000000000e+06,1.069000000000000000e+03
7.227444000000000000e+06,1.059000000000000000e+03
7.228380000000000000e+06,1.092000000000000000e+03
7.229316000000000000e+06,1.092000000000000000e+03
7.230252000000000000e+06,1.059000000000000000e+03
7.231184000000000000e+06,1.080000000000000000e+03
7.232120000000000000e+06,1.079000000000000000e+03
7.233056000000000000e+06,1.057000000000000000e+03
7.233992000000000000e+06,1.082000000000000000e+03
7.234924000000000000e+06,1.058000000000000000e+03
7.235860000000000000e+06,1.063000000000000000e+03
7.236796000000000000e+06,1.065000000000000000e+03
7.237732000000000000e+06,1.048000000000000000e+03
7.238672000000000000e+06,1.029000000000000000e+03
7.239600000000000000e+06,1.029000000000000000e+03
7.240536000000000000e+06,1.011000000000000000e+03
7.241472000000000000e+06,9.950000000000000000e+02
7.242404000000000000e+06,1.032000000000000000e+03
7.243340000000000000e+06,1.079000000000000000e+03
7.244276000000000000e+06,1.085000000000000000e+03
7.245212000000000000e+06,9.990000000000000000e+02
7.246144000000000000e+06,1.031000000000000000e+03
7.247080000000000000e+06,1.096000000000000000e+03
7.248016000000000000e+06,1.029000000000000000e+03
7.248952000000000000e+06,1.029000000000000000e+03
7.249884000000000000e+06,1.047000000000000000e+03
7.250820000000000000e+06,1.059000000000000000e+03
7.251756000000000000e+06,1.025000000000000000e+03
7.252692000000000000e+06,1.037000000000000000e+03
7.253624000000000000e+06,1.068000000000000000e+03
7.254560000000000000e+06,1.040000000000000000e+03
7.255496000000000000e+06,1.046000000000000000e+03
7.256432000000000000e+06,1.026000000000000000e+03
7.257364000000000000e+06,1.036000000000000000e+03
7.258300000000000000e+06,1.056000000000000000e+03
7.259236000000000000e+06,1.030000000000000000e+03
7.260176000000000000e+06,1.051000000000000000e+03
7.261104000000000000e+06,1.081000000000000000e+03
7.262040000000000000e+06,1.056000000000000000e+03
7.262976000000000000e+06,1.036000000000000000e+03
7.263912000000000000e+06,1.044000000000000000e+03
7.264844000000000000e+06,1.035000000000000000e+03
7.265780000000000000e+06,1.049000000000000000e+03
7.266716000000000000e+06,1.098000000000000000e+03
7.267652000000000000e+06,1.058000000000000000e+03
7.268584000000000000e+06,1.043000000000000000e+03
7.269520000000000000e+06,1.072000000000000000e+03
7.270456000000000000e+06,1.035000000000000000e+03
7.271392000000000000e+06,1.062000000000000000e+03
7.272324000000000000e+06,1.022000000000000000e+03
7.273260000000000000e+06,1.039000000000000000e+03
7.274196000000000000e+06,1.055000000000000000e+03
7.275132000000000000e+06,9.960000000000000000e+02
7.276064000000000000e+06,1.038000000000000000e+03
7.277000000000000000e+06,1.033000000000000000e+03
7.277936000000000000e+06,1.035000000000000000e+03
7.278872000000000000e+06,1.009000000000000000e+03
7.279804000000000000e+06,1.024000000000000000e+03
7.280740000000000000e+06,1.043000000000000000e+03
7.281680000000000000e+06,1.034000000000000000e+03
7.282612000000000000e+06,1.072000000000000000e+03
7.283544000000000000e+06,1.052000000000000000e+03
7.284480000000000000e+06,1.108000000000000000e+03
7.285416000000000000e+06,1.085000000000000000e+03
7.286352000000000000e+06,1.069000000000000000e+03
7.287284000000000000e+06,1.048000000000000000e+03
7.288220000000000000e+06,1.030000000000000000e+03
7.289156000000000000e+06,1.085000000000000000e+03
7.290092000000000000e+06,1.037000000000000000e+03
7.291024000000000000e+06,1.090000000000000000e+03
7.291960000000000000e+06,1.068000000000000000e+03
7.292896000000000000e+06,1.040000000000000000e+03
7.293832000000000000e+06,1.041000000000000000e+03
7.294764000000000000e+06,1.026000000000000000e+03
7.295700000000000000e+06,1.031000000000000000e+03
7.296636000000000000e+06,1.062000000000000000e+03
7.297572000000000000e+06,1.075000000000000000e+03
7.298504000000000000e+06,1.054000000000000000e+03
7.299440000000000000e+06,1.099000000000000000e+03
7.300376000000000000e+06,1.114000000000000000e+03
7.301312000000000000e+06,1.049000000000000000e+03
7.302244000000000000e+06,1.034000000000000000e+03
7.303188000000000000e+06,9.920000000000000000e+02
7.304116000000000000e+06,1.016000000000000000e+03
7.305052000000000000e+06,1.115000000000000000e+03
7.305984000000000000e+06,1.099000000000000000e+03
7.306920000000000000e+06,1.028000000000000000e+03
7.307856000000000000e+06,1.005000000000000000e+03
7.308792000000000000e+06,1.092000000000000000e+03
7.309724000000000000e+06,1.115000000000000000e+03
7.310660000000000000e+06,1.053000000000000000e+03
7.311596000000000000e+06,1.044000000000000000e+03
7.312532000000000000e+06,1.030000000000000000e+03
7.313464000000000000e+06,1.074000000000000000e+03
7.314400000000000000e+06,1.050000000000000000e+03
7.315336000000000000e+06,1.102000000000000000e+03
7.316272000000000000e+06,1.118000000000000000e+03
7.317204000000000000e+06,1.066000000000000000e+03
7.318140000000000000e+06,1.047000000000000000e+03
7.319076000000000000e+06,1.039000000000000000e+03
7.320012000000000000e+06,1.029000000000000000e+03
7.320944000000000000e+06,1.032000000000000000e+03
7.321880000000000000e+06,1.073000000000000000e+03
7.322816000000000000e+06,1.064000000000000000e+03
7.323752000000000000e+06,1.052000000000000000e+03
7.324692000000000000e+06,1.069000000000000000e+03
7.325620000000000000e+06,1.030000000000000000e+03
7.326556000000000000e+06,1.055000000000000000e+03
7.327492000000000000e+06,1.083000000000000000e+03
7.328424000000000000e+06,1.041000000000000000e+03
7.329360000000000000e+06,1.063000000000000000e+03
7.330296000000000000e+06,1.015000000000000000e+03
7.331232000000000000e+06,1.046000000000000000e+03
7.332164000000000000e+06,1.088000000000000000e+03
7.333100000000000000e+06,1.075000000000000000e+03
7.334036000000000000e+06,1.028000000000000000e+03
7.334972000000000000e+06,1.029000000000000000e+03
7.335904000000000000e+06,1.065000000000000000e+03
7.336840000000000000e+06,1.049000000000000000e+03
7.337776000000000000e+06,1.078000000000000000e+03
7.338712000000000000e+06,1.055000000000000000e+03
7.339644000000000000e+06,1.032000000000000000e+03
7.340580000000000000e+06,1.049000000000000000e+03
7.341516000000000000e+06,1.009000000000000000e+03
7.342452000000000000e+06,1.052000000000000000e+03
7.343384000000000000e+06,1.060000000000000000e+03
7.344320000000000000e+06,1.067000000000000000e+03
7.345256000000000000e+06,1.050000000000000000e+03
7.346196000000000000e+06,1.042000000000000000e+03
7.347124000000000000e+06,1.055000000000000000e+03
7.348060000000000000e+06,1.089000000000000000e+03
7.348996000000000000e+06,1.041000000000000000e+03
7.349932000000000000e+06,1.040000000000000000e+03
7.350864000000000000e+06,1.040000000000000000e+03
7.351800000000000000e+06,1.077000000000000000e+03
7.352736000000000000e+06,1.022000000000000000e+03
7.353672000000000000e+06,1.059000000000000000e+03
7.354604000000000000e+06,1.025000000000000000e+03
7.355540000000000000e+06,1.087000000000000000e+03
7.356476000000000000e+06,1.021000000000000000e+03
7.357412000000000000e+06,1.046000000000000000e+03
7.358344000000000000e+06,1.041000000000000000e+03
7.359280000000000000e+06,1.066000000000000000e+03
7.360216000000000000e+06,1.071000000000000000e+03
7.361152000000000000e+06,1.073000000000000000e+03
7.362084000000000000e+06,1.037000000000000000e+03
7.363020000000000000e+06,1.037000000000000000e+03
7.363956000000000000e+06,1.088000000000000000e+03
7.364892000000000000e+06,1.085000000000000000e+03
7.365824000000000000e+06,1.019000000000000000e+03
7.366760000000000000e+06,1.021000000000000000e+03
7.367700000000000000e+06,1.037000000000000000e+03
7.368632000000000000e+06,1.078000000000000000e+03
7.369564000000000000e+06,1.088000000000000000e+03
7.370500000000000000e+06,1.060000000000000000e+03
7.371436000000000000e+06,1.050000000000000000e+03
7.372372000000000000e+06,1.076000000000000000e+03
7.373304000000000000e+06,1.108000000000000000e+03
7.374240000000000000e+06,1.082000000000000000e+03
7.375176000000000000e+06,1.019000000000000000e+03
7.376112000000000000e+06,1.063000000000000000e+03
7.377044000000000000e+06,1.074000000000000000e+03
7.377980000000000000e+06,1.040000000000000000e+03
7.378916000000000000e+06,1.045000000000000000e+03
7.379852000000000000e+06,1.055000000000000000e+03
7.380784000000000000e+06,1.092000000000000000e+03
7.381720000000000000e+06,1.085000000000000000e+03
7.382656000000000000e+06,1.043000000000000000e+03
7.383592000000000000e+06,1.014000000000000000e+03
7.384524000000000000e+06,1.054000000000000000e+03
7.385460000000000000e+06,1.054000000000000000e+03
7.386396000000000000e+06,9.970000000000000000e+02
7.387332000000000000e+06,1.045000000000000000e+03
7.388264000000000000e+06,1.067000000000000000e+03
7.389204000000000000e+06,1.022000000000000000e+03
7.390136000000000000e+06,1.074000000000000000e+03
7.391072000000000000e+06,1.029000000000000000e+03
7.392004000000000000e+06,1.076000000000000000e+03
7.392940000000000000e+06,1.038000000000000000e+03
7.393876000000000000e+06,1.059000000000000000e+03
7.394812000000000000e+06,9.990000000000000000e+02
7.395744000000000000e+06,1.069000000000000000e+03
7.396680000000000000e+06,1.082000000000000000e+03
7.397616000000000000e+06,1.076000000000000000e+03
7.398552000000000000e+06,1.085000000000000000e+03
7.399484000000000000e+06,1.075000000000000000e+03
7.400420000000000000e+06,1.088000000000000000e+03
7.401356000000000000e+06,1.063000000000000000e+03
7.402292000000000000e+06,1.037000000000000000e+03
7.403224000000000000e+06,1.079000000000000000e+03
7.404160000000000000e+06,1.068000000000000000e+03
7.405096000000000000e+06,1.050000000000000000e+03
7.406032000000000000e+06,1.058000000000000000e+03
7.406964000000000000e+06,1.027000000000000000e+03
7.407900000000000000e+06,1.069000000000000000e+03
7.408836000000000000e+06,1.081000000000000000e+03
7.409772000000000000e+06,1.102000000000000000e+03
7.410708000000000000e+06,1.074000000000000000e+03
7.411640000000000000e+06,1.064000000000000000e+03
7.412576000000000000e+06,1.047000000000000000e+03
7.413512000000000000e+06,9.950000000000000000e+02
7.414444000000000000e+06,1.018000000000000000e+03
7.415380000000000000e+06,1.068000000000000000e+03
7.416316000000000000e+06,1.087000000000000000e+03
7.417252000000000000e+06,1.055000000000000000e+03
7.418184000000000000e+06,1.055000000000000000e+03
7.419120000000000000e+06,1.061000000000000000e+03
7.420056000000000000e+06,1.028000000000000000e+03
7.420992000000000000e+06,1.020000000000000000e+03
7.421924000000000000e+06,1.069000000000000000e+03
7.422860000000000000e+06,1.074000000000000000e+03
7.423796000000000000e+06,1.088000000000000000e+03
7.424732000000000000e+06,1.088000000000000000e+03
7.425664000000000000e+06,9.910000000000000000e+02
7.426600000000000000e+06,1.021000000000000000e+03
7.427536000000000000e+06,1.040000000000000000e+03
7.428472000000000000e+06,1.043000000000000000e+03
7.429404000000000000e+06,1.043000000000000000e+03
7.430340000000000000e+06,1.070000000000000000e+03
7.431276000000000000e+06,1.102000000000000000e+03
7.432212000000000000e+06,1.059000000000000000e+03
7.433144000000000000e+06,1.075000000000000000e+03
7.434080000000000000e+06,1.065000000000000000e+03
7.435016000000000000e+06,1.108000000000000000e+03
7.435952000000000000e+06,1.058000000000000000e+03
7.436884000000000000e+06,1.020000000000000000e+03
7.437820000000000000e+06,1.021000000000000000e+03
7.438756000000000000e+06,1.019000000000000000e+03
7.439692000000000000e+06,1.060000000000000000e+03
7.440624000000000000e+06,1.044000000000000000e+03
7.441560000000000000e+06,1.045000000000000000e+03
7.442496000000000000e+06,1.044000000000000000e+03
7.443432000000000000e+06,1.080000000000000000e+03
7.444364000000000000e+06,1.035000000000000000e+03
7.445300000000000000e+06,1.016000000000000000e+03
7.446236000000000000e+06,1.069000000000000000e+03
7.447172000000000000e+06,1.099000000000000000e+03
7.448104000000000000e+06,1.045000000000000000e+03
7.449040000000000000e+06,1.069000000000000000e+03
7.449976000000000000e+06,1.088000000000000000e+03
7.450912000000000000e+06,1.042000000000000000e+03
7.451844000000000000e+06,1.056000000000000000e+03
7.452780000000000000e+06,1.067000000000000000e+03
7.453716000000000000e+06,1.082000000000000000e+03
7.454652000000000000e+06,1.031000000000000000e+03
7.455584000000000000e+06,1.037000000000000000e+03
7.456520000000000000e+06,1.037000000000000000e+03
7.457456000000000000e+06,1.090000000000000000e+03
7.458392000000000000e+06,1.063000000000000000e+03
7.459324000000000000e+06,1.037000000000000000e+03
7.460260000000000000e+06,1.057000000000000000e+03
7.461196000000000000e+06,1.057000000000000000e+03
7.462132000000000000e+06,1.052000000000000000e+03
7.463064000000000000e+06,1.036000000000000000e+03
7.464000000000000000e+06,1.048000000000000000e+03
7.464936000000000000e+06,1.116000000000000000e+03
7.465872000000000000e+06,1.072000000000000000e+03
7.466804000000000000e+06,1.011000000000000000e+03
7.467740000000000000e+06,1.053000000000000000e+03
7.468676000000000000e+06,1.078000000000000000e+03
7.469612000000000000e+06,1.079000000000000000e+03
7.470544000000000000e+06,1.049000000000000000e+03
7.471480000000000000e+06,1.063000000000000000e+03
7.472416000000000000e+06,1.046000000000000000e+03
7.473352000000000000e+06,1.073000000000000000e+03
7.474284000000000000e+06,1.048000000000000000e+03
7.475220000000000000e+06,1.098000000000000000e+03
7.476156000000000000e+06,1.048000000000000000e+03
7.477092000000000000e+06,1.042000000000000000e+03
7.478024000000000000e+06,1.028000000000000000e+03
7.478960000000000000e+06,1.046000000000000000e+03
7.479896000000000000e+06,1.022000000000000000e+03
7.480832000000000000e+06,1.032000000000000000e+03
7.481764000000000000e+06,1.069000000000000000e+03
7.482700000000000000e+06,1.053000000000000000e+03
7.483636000000000000e+06,1.040000000000000000e+03
7.484572000000000000e+06,1.082000000000000000e+03
7.485504000000000000e+06,1.107000000000000000e+03
7.486440000000000000e+06,1.056000000000000000e+03
7.487376000000000000e+06,1.014000000000000000e+03
7.488312000000000000e+06,1.017000000000000000e+03
7.489244000000000000e+06,1.065000000000000000e+03
7.490180000000000000e+06,1.094000000000000000e+03
7.491116000000000000e+06,1.061000000000000000e+03
7.492052000000000000e+06,1.016000000000000000e+03
7.492984000000000000e+06,1.030000000000000000e+03
7.493920000000000000e+06,1.026000000000000000e+03
7.494856000000000000e+06,9.910000000000000000e+02
7.495792000000000000e+06,1.042000000000000000e+03
7.496724000000000000e+06,1.094000000000000000e+03
7.497660000000000000e+06,1.096000000000000000e+03
7.498596000000000000e+06,1.058000000000000000e+03
7.499532000000000000e+06,1.084000000000000000e+03
7.500464000000000000e+06,1.097000000000000000e+03
7.501400000000000000e+06,1.088000000000000000e+03
7.502336000000000000e+06,1.052000000000000000e+03
7.503272000000000000e+06,1.020000000000000000e+03
7.504204000000000000e+06,1.058000000000000000e+03
7.505140000000000000e+06,1.030000000000000000e+03
7.506076000000000000e+06,1.044000000000000000e+03
7.507012000000000000e+06,1.067000000000000000e+03
7.507944000000000000e+06,1.064000000000000000e+03
7.508880000000000000e+06,1.093000000000000000e+03
7.509816000000000000e+06,1.086000000000000000e+03
7.510752000000000000e+06,1.077000000000000000e+03
7.511684000000000000e+06,1.021000000000000000e+03
7.512620000000000000e+06,1.000000000000000000e+03
7.513556000000000000e+06,1.007000000000000000e+03
7.514492000000000000e+06,1.073000000000000000e+03
7.515424000000000000e+06,1.067000000000000000e+03
7.516360000000000000e+06,1.049000000000000000e+03
7.517296000000000000e+06,1.048000000000000000e+03
7.518232000000000000e+06,1.067000000000000000e+03
7.519164000000000000e+06,1.060000000000000000e+03
7.520100000000000000e+06,1.029000000000000000e+03
7.521036000000000000e+06,1.049000000000000000e+03
7.521972000000000000e+06,1.051000000000000000e+03
7.522904000000000000e+06,1.076000000000000000e+03
7.523840000000000000e+06,1.036000000000000000e+03
7.524776000000000000e+06,1.018000000000000000e+03
7.525712000000000000e+06,1.085000000000000000e+03
7.526644000000000000e+06,1.017000000000000000e+03
7.527580000000000000e+06,1.055000000000000000e+03
7.528516000000000000e+06,1.081000000000000000e+03
7.529452000000000000e+06,1.086000000000000000e+03
7.530384000000000000e+06,1.109000000000000000e+03
7.531320000000000000e+06,1.109000000000000000e+03
7.532256000000000000e+06,1.097000000000000000e+03
7.533192000000000000e+06,1.084000000000000000e+03
7.534124000000000000e+06,1.084000000000000000e+03
7.535060000000000000e+06,1.000000000000000000e+03
7.535996000000000000e+06,1.017000000000000000e+03
7.536932000000000000e+06,1.078000000000000000e+03
7.537864000000000000e+06,1.092000000000000000e+03
7.538800000000000000e+06,1.089000000000000000e+03
7.539736000000000000e+06,1.091000000000000000e+03
7.540672000000000000e+06,1.064000000000000000e+03
7.541604000000000000e+06,1.046000000000000000e+03
7.542540000000000000e+06,1.048000000000000000e+03
7.543476000000000000e+06,1.060000000000000000e+03
7.544412000000000000e+06,1.013000000000000000e+03
7.545344000000000000e+06,1.024000000000000000e+03
7.546280000000000000e+06,1.053000000000000000e+03
7.547216000000000000e+06,1.057000000000000000e+03
7.548152000000000000e+06,1.054000000000000000e+03
7.549084000000000000e+06,1.059000000000000000e+03
7.550020000000000000e+06,1.058000000000000000e+03
7.550956000000000000e+06,1.071000000000000000e+03
7.551892000000000000e+06,1.039000000000000000e+03
7.552824000000000000e+06,1.024000000000000000e+03
7.553760000000000000e+06,1.026000000000000000e+03
7.554696000000000000e+06,1.089000000000000000e+03
7.555632000000000000e+06,1.090000000000000000e+03
7.556564000000000000e+06,1.070000000000000000e+03
7.557500000000000000e+06,1.072000000000000000e+03
7.558436000000000000e+06,1.055000000000000000e+03
7.559372000000000000e+06,1.024000000000000000e+03
7.560304000000000000e+06,1.057000000000000000e+03
7.561240000000000000e+06,1.090000000000000000e+03
7.562176000000000000e+06,1.086000000000000000e+03
7.563112000000000000e+06,1.051000000000000000e+03
7.564044000000000000e+06,1.013000000000000000e+03
7.564980000000000000e+06,1.045000000000000000e+03
7.565916000000000000e+06,1.039000000000000000e+03
7.566852000000000000e+06,1.072000000000000000e+03
7.567784000000000000e+06,1.096000000000000000e+03
7.568720000000000000e+06,1.054000000000000000e+03
7.569656000000000000e+06,1.123000000000000000e+03
7.570592000000000000e+06,1.105000000000000000e+03
7.571524000000000000e+06,1.097000000000000000e+03
7.572460000000000000e+06,1.066000000000000000e+03
7.573396000000000000e+06,1.051000000000000000e+03
7.574332000000000000e+06,9.910000000000000000e+02
7.575264000000000000e+06,1.003000000000000000e+03
7.576200000000000000e+06,1.053000000000000000e+03
7.577136000000000000e+06,1.054000000000000000e+03
7.578072000000000000e+06,1.040000000000000000e+03
7.579004000000000000e+06,1.045000000000000000e+03
7.579940000000000000e+06,1.032000000000000000e+03
7.580876000000000000e+06,1.050000000000000000e+03
7.581812000000000000e+06,1.041000000000000000e+03
7.582744000000000000e+06,1.066000000000000000e+03
7.583680000000000000e+06,1.061000000000000000e+03
7.584616000000000000e+06,1.057000000000000000e+03
7.585552000000000000e+06,1.034000000000000000e+03
7.586484000000000000e+06,1.085000000000000000e+03
7.587420000000000000e+06,1.071000000000000000e+03
7.588356000000000000e+06,1.101000000000000000e+03
7.589292000000000000e+06,1.080000000000000000e+03
7.590224000000000000e+06,1.075000000000000000e+03
7.591160000000000000e+06,1.088000000000000000e+03
7.592096000000000000e+06,1.076000000000000000e+03
7.593032000000000000e+06,1.062000000000000000e+03
7.593964000000000000e+06,1.038000000000000000e+03
7.594900000000000000e+06,1.070000000000000000e+03
7.595836000000000000e+06,9.740000000000000000e+02
7.596772000000000000e+06,1.047000000000000000e+03
7.597704000000000000e+06,1.046000000000000000e+03
7.598640000000000000e+06,1.021000000000000000e+03
7.599576000000000000e+06,1.034000000000000000e+03
7.600512000000000000e+06,1.048000000000000000e+03
7.601444000000000000e+06,1.050000000000000000e+03
7.602380000000000000e+06,1.053000000000000000e+03
7.603316000000000000e+06,1.066000000000000000e+03
7.604252000000000000e+06,1.111000000000000000e+03
7.605184000000000000e+06,1.049000000000000000e+03
7.606120000000000000e+06,1.026000000000000000e+03
7.607056000000000000e+06,1.080000000000000000e+03
7.607992000000000000e+06,1.074000000000000000e+03
7.608924000000000000e+06,1.082000000000000000e+03
7.609860000000000000e+06,1.047000000000000000e+03
7.610796000000000000e+06,9.820000000000000000e+02
7.611732000000000000e+06,1.008000000000000000e+03
7.612664000000000000e+06,1.057000000000000000e+03
7.613600000000000000e+06,1.101000000000000000e+03
7.614536000000000000e+06,1.080000000000000000e+03
7.615472000000000000e+06,1.075000000000000000e+03
7.616404000000000000e+06,1.080000000000000000e+03
7.617340000000000000e+06,1.093000000000000000e+03
7.618276000000000000e+06,1.048000000000000000e+03
7.619212000000000000e+06,1.078000000000000000e+03
7.620144000000000000e+06,1.030000000000000000e+03
7.621080000000000000e+06,1.019000000000000000e+03
7.622016000000000000e+06,1.039000000000000000e+03
7.622952000000000000e+06,1.059000000000000000e+03
7.623884000000000000e+06,1.044000000000000000e+03
7.624820000000000000e+06,1.011000000000000000e+03
7.625756000000000000e+06,1.091000000000000000e+03
7.626692000000000000e+06,1.088000000000000000e+03
7.627624000000000000e+06,1.036000000000000000e+03
7.628560000000000000e+06,1.062000000000000000e+03
7.629496000000000000e+06,1.119000000000000000e+03
7.630432000000000000e+06,1.063000000000000000e+03
7.631364000000000000e+06,1.062000000000000000e+03
7.632300000000000000e+06,1.028000000000000000e+03
7.633236000000000000e+06,1.050000000000000000e+03
7.634172000000000000e+06,1.065000000000000000e+03
7.635104000000000000e+06,1.067000000000000000e+03
7.636040000000000000e+06,1.093000000000000000e+03
7.636976000000000000e+06,1.104000000000000000e+03
7.637912000000000000e+06,1.046000000000000000e+03
7.638844000000000000e+06,9.980000000000000000e+02
7.639780000000000000e+06,1.007000000000000000e+03
7.640716000000000000e+06,1.030000000000000000e+03
7.641652000000000000e+06,1.013000000000000000e+03
7.642584000000000000e+06,1.061000000000000000e+03
7.643520000000000000e+06,1.072000000000000000e+03
7.644456000000000000e+06,1.072000000000000000e+03
7.645392000000000000e+06,1.036000000000000000e+03
7.646324000000000000e+06,1.057000000000000000e+03
7.647260000000000000e+06,1.051000000000000000e+03
7.648196000000000000e+06,1.057000000000000000e+03
7.649132000000000000e+06,1.075000000000000000e+03
7.650064000000000000e+06,1.083000000000000000e+03
7.651000000000000000e+06,1.045000000000000000e+03
7.651936000000000000e+06,1.058000000000000000e+03
7.652872000000000000e+06,1.040000000000000000e+03
7.653804000000000000e+06,1.033000000000000000e+03
7.654740000000000000e+06,1.020000000000000000e+03
7.655676000000000000e+06,1.046000000000000000e+03
7.656612000000000000e+06,1.055000000000000000e+03
7.657544000000000000e+06,1.075000000000000000e+03
7.658480000000000000e+06,1.076000000000000000e+03
7.659416000000000000e+06,1.067000000000000000e+03
7.660352000000000000e+06,1.070000000000000000e+03
7.661284000000000000e+06,1.076000000000000000e+03
7.662220000000000000e+06,1.039000000000000000e+03
7.663156000000000000e+06,1.063000000000000000e+03
7.664092000000000000e+06,1.036000000000000000e+03
7.665024000000000000e+06,1.009000000000000000e+03
7.665960000000000000e+06,1.025000000000000000e+03
7.666896000000000000e+06,1.056000000000000000e+03
7.667832000000000000e+06,1.032000000000000000e+03
7.668764000000000000e+06,1.077000000000000000e+03
7.669700000000000000e+06,1.097000000000000000e+03
7.670636000000000000e+06,1.094000000000000000e+03
7.671572000000000000e+06,1.066000000000000000e+03
7.672504000000000000e+06,1.041000000000000000e+03
7.673440000000000000e+06,1.079000000000000000e+03
7.674376000000000000e+06,1.056000000000000000e+03
7.675312000000000000e+06,1.061000000000000000e+03
7.676244000000000000e+06,1.041000000000000000e+03
7.677180000000000000e+06,1.025000000000000000e+03
7.678116000000000000e+06,1.057000000000000000e+03
7.679052000000000000e+06,1.085000000000000000e+03
7.679984000000000000e+06,1.036000000000000000e+03
7.680920000000000000e+06,1.038000000000000000e+03
7.681856000000000000e+06,1.093000000000000000e+03
7.682792000000000000e+06,1.061000000000000000e+03
7.683724000000000000e+06,1.074000000000000000e+03
7.684660000000000000e+06,9.860000000000000000e+02
7.685596000000000000e+06,1.072000000000000000e+03
7.686532000000000000e+06,1.047000000000000000e+03
7.687464000000000000e+06,1.057000000000000000e+03
7.688400000000000000e+06,1.089000000000000000e+03
7.689336000000000000e+06,1.075000000000000000e+03
7.690272000000000000e+06,1.087000000000000000e+03
7.691204000000000000e+06,1.072000000000000000e+03
7.692140000000000000e+06,1.046000000000000000e+03
7.693076000000000000e+06,1.059000000000000000e+03
7.694012000000000000e+06,1.030000000000000000e+03
7.694944000000000000e+06,1.076000000000000000e+03
7.695880000000000000e+06,1.083000000000000000e+03
7.696816000000000000e+06,1.039000000000000000e+03
7.697752000000000000e+06,1.035000000000000000e+03
7.698684000000000000e+06,1.079000000000000000e+03
7.699620000000000000e+06,1.075000000000000000e+03
7.700556000000000000e+06,1.059000000000000000e+03
7.701492000000000000e+06,1.060000000000000000e+03
7.702424000000000000e+06,1.026000000000000000e+03
7.703360000000000000e+06,1.019000000000000000e+03
7.704296000000000000e+06,1.024000000000000000e+03
7.705232000000000000e+06,1.073000000000000000e+03
7.706164000000000000e+06,1.105000000000000000e+03
7.707100000000000000e+06,1.096000000000000000e+03
7.708036000000000000e+06,1.068000000000000000e+03
7.708972000000000000e+06,1.044000000000000000e+03
7.709904000000000000e+06,1.060000000000000000e+03
7.710840000000000000e+06,1.039000000000000000e+03
7.711776000000000000e+06,1.055000000000000000e+03
7.712712000000000000e+06,1.046000000000000000e+03
7.713644000000000000e+06,1.023000000000000000e+03
7.714580000000000000e+06,1.021000000000000000e+03
7.715516000000000000e+06,1.016000000000000000e+03
7.716452000000000000e+06,1.032000000000000000e+03
7.717384000000000000e+06,1.024000000000000000e+03
7.718320000000000000e+06,1.049000000000000000e+03
7.719256000000000000e+06,1.054000000000000000e+03
7.720192000000000000e+06,1.048000000000000000e+03
7.721124000000000000e+06,1.033000000000000000e+03
7.722060000000000000e+06,1.069000000000000000e+03
7.722996000000000000e+06,1.068000000000000000e+03
7.723932000000000000e+06,1.074000000000000000e+03
7.724864000000000000e+06,1.091000000000000000e+03
7.725800000000000000e+06,1.067000000000000000e+03
7.726736000000000000e+06,1.063000000000000000e+03
7.727672000000000000e+06,1.057000000000000000e+03
7.728604000000000000e+06,1.050000000000000000e+03
7.729540000000000000e+06,1.030000000000000000e+03
7.730476000000000000e+06,1.021000000000000000e+03
7.731412000000000000e+06,1.085000000000000000e+03
7.732344000000000000e+06,1.054000000000000000e+03
7.733280000000000000e+06,1.036000000000000000e+03
7.734216000000000000e+06,1.055000000000000000e+03
7.735152000000000000e+06,1.093000000000000000e+03
7.736084000000000000e+06,1.048000000000000000e+03
7.737020000000000000e+06,1.024000000000000000e+03
7.737956000000000000e+06,1.048000000000000000e+03
7.738892000000000000e+06,1.063000000000000000e+03
7.739824000000000000e+06,1.054000000000000000e+03
7.740760000000000000e+06,1.053000000000000000e+03
7.741696000000000000e+06,1.074000000000000000e+03
7.742632000000000000e+06,1.063000000000000000e+03
7.743564000000000000e+06,1.054000000000000000e+03
7.744500000000000000e+06,1.038000000000000000e+03
7.745436000000000000e+06,1.036000000000000000e+03
7.746372000000000000e+06,1.069000000000000000e+03
7.747304000000000000e+06,1.039000000000000000e+03
7.748240000000000000e+06,1.055000000000000000e+03
7.749176000000000000e+06,1.056000000000000000e+03
7.750112000000000000e+06,1.075000000000000000e+03
7.751044000000000000e+06,1.041000000000000000e+03
7.751980000000000000e+06,1.051000000000000000e+03
7.752916000000000000e+06,1.025000000000000000e+03
7.753852000000000000e+06,1.078000000000000000e+03
7.754784000000000000e+06,1.006000000000000000e+03
7.755720000000000000e+06,1.051000000000000000e+03
7.756656000000000000e+06,1.077000000000000000e+03
7.757592000000000000e+06,1.034000000000000000e+03
7.758524000000000000e+06,1.035000000000000000e+03
7.759460000000000000e+06,1.019000000000000000e+03
7.760396000000000000e+06,1.064000000000000000e+03
7.761332000000000000e+06,1.058000000000000000e+03
7.762264000000000000e+06,1.076000000000000000e+03
7.763200000000000000e+06,1.048000000000000000e+03
7.764136000000000000e+06,1.050000000000000000e+03
7.765072000000000000e+06,1.032000000000000000e+03
7.766004000000000000e+06,1.057000000000000000e+03
7.766940000000000000e+06,1.061000000000000000e+03
7.767876000000000000e+06,1.062000000000000000e+03
7.768812000000000000e+06,1.083000000000000000e+03
7.769744000000000000e+06,1.078000000000000000e+03
7.770680000000000000e+06,1.042000000000000000e+03
7.771616000000000000e+06,1.080000000000000000e+03
7.772552000000000000e+06,1.046000000000000000e+03
7.773484000000000000e+06,1.079000000000000000e+03
7.774420000000000000e+06,1.077000000000000000e+03
7.775356000000000000e+06,1.069000000000000000e+03
7.776292000000000000e+06,1.088000000000000000e+03
7.777224000000000000e+06,1.019000000000000000e+03
7.778160000000000000e+06,1.014000000000000000e+03
7.779096000000000000e+06,1.047000000000000000e+03
7.780032000000000000e+06,1.061000000000000000e+03
7.780964000000000000e+06,1.046000000000000000e+03
7.781900000000000000e+06,1.033000000000000000e+03
7.782836000000000000e+06,1.033000000000000000e+03
7.783772000000000000e+06,1.096000000000000000e+03
7.784704000000000000e+06,1.061000000000000000e+03
7.785640000000000000e+06,1.014000000000000000e+03
7.786576000000000000e+06,1.053000000000000000e+03
7.787512000000000000e+06,1.059000000000000000e+03
7.788444000000000000e+06,1.050000000000000000e+03
7.789380000000000000e+06,1.050000000000000000e+03
7.790316000000000000e+06,1.061000000000000000e+03
7.791252000000000000e+06,1.067000000000000000e+03
7.792184000000000000e+06,1.061000000000000000e+03
7.793120000000000000e+06,1.039000000000000000e+03
7.794056000000000000e+06,1.035000000000000000e+03
7.794992000000000000e+06,1.086000000000000000e+03
7.795924000000000000e+06,1.047000000000000000e+03
7.796860000000000000e+06,1.058000000000000000e+03
7.797796000000000000e+06,1.064000000000000000e+03
7.798732000000000000e+06,1.052000000000000000e+03
7.799664000000000000e+06,1.078000000000000000e+03
7.800600000000000000e+06,1.090000000000000000e+03
7.802472000000000000e+06,1.042000000000000000e+03
7.803404000000000000e+06,1.062000000000000000e+03
7.804340000000000000e+06,1.020000000000000000e+03
7.805276000000000000e+06,1.063000000000000000e+03
7.806212000000000000e+06,1.046000000000000000e+03
7.807144000000000000e+06,1.090000000000000000e+03
7.808080000000000000e+06,1.086000000000000000e+03
7.809016000000000000e+06,1.082000000000000000e+03
7.809952000000000000e+06,1.051000000000000000e+03
7.810884000000000000e+06,1.025000000000000000e+03
7.811820000000000000e+06,1.076000000000000000e+03
7.812756000000000000e+06,1.093000000000000000e+03
7.813692000000000000e+06,1.058000000000000000e+03
7.814624000000000000e+06,1.053000000000000000e+03
7.815560000000000000e+06,1.025000000000000000e+03
7.816496000000000000e+06,1.035000000000000000e+03
7.817432000000000000e+06,1.007000000000000000e+03
7.818364000000000000e+06,1.031000000000000000e+03
7.819300000000000000e+06,1.003000000000000000e+03
7.820236000000000000e+06,1.046000000000000000e+03
7.821172000000000000e+06,1.037000000000000000e+03
7.822104000000000000e+06,1.038000000000000000e+03
7.823040000000000000e+06,1.054000000000000000e+03
7.823976000000000000e+06,1.028000000000000000e+03
7.824912000000000000e+06,1.017000000000000000e+03
7.825844000000000000e+06,1.059000000000000000e+03
7.826780000000000000e+06,1.081000000000000000e+03
7.827716000000000000e+06,1.071000000000000000e+03
7.828652000000000000e+06,1.059000000000000000e+03
7.829584000000000000e+06,1.093000000000000000e+03
7.830520000000000000e+06,1.107000000000000000e+03
7.831456000000000000e+06,1.094000000000000000e+03
7.832392000000000000e+06,1.053000000000000000e+03
7.833324000000000000e+06,1.040000000000000000e+03
7.834260000000000000e+06,1.054000000000000000e+03
7.835196000000000000e+06,1.044000000000000000e+03
7.836132000000000000e+06,1.024000000000000000e+03
7.837064000000000000e+06,1.068000000000000000e+03
7.838000000000000000e+06,1.035000000000000000e+03
7.838936000000000000e+06,1.065000000000000000e+03
7.839872000000000000e+06,1.080000000000000000e+03
7.840804000000000000e+06,1.019000000000000000e+03
7.841740000000000000e+06,1.045000000000000000e+03
7.842676000000000000e+06,1.058000000000000000e+03
7.843612000000000000e+06,1.074000000000000000e+03
7.844544000000000000e+06,1.105000000000000000e+03
7.845480000000000000e+06,1.080000000000000000e+03
7.846416000000000000e+06,1.045000000000000000e+03
7.847352000000000000e+06,1.012000000000000000e+03
7.848284000000000000e+06,1.022000000000000000e+03
7.849220000000000000e+06,1.002000000000000000e+03
7.850156000000000000e+06,1.057000000000000000e+03
7.851092000000000000e+06,1.072000000000000000e+03
7.852024000000000000e+06,1.075000000000000000e+03
7.852960000000000000e+06,1.071000000000000000e+03
7.853896000000000000e+06,1.088000000000000000e+03
7.854832000000000000e+06,1.046000000000000000e+03
7.855764000000000000e+06,1.095000000000000000e+03
7.856700000000000000e+06,1.119000000000000000e+03
7.857636000000000000e+06,1.018000000000000000e+03
7.858572000000000000e+06,1.043000000000000000e+03
7.859504000000000000e+06,1.048000000000000000e+03
7.860440000000000000e+06,1.078000000000000000e+03
7.861376000000000000e+06,1.102000000000000000e+03
7.862312000000000000e+06,1.084000000000000000e+03
7.863244000000000000e+06,1.033000000000000000e+03
7.864180000000000000e+06,1.071000000000000000e+03
7.865116000000000000e+06,1.016000000000000000e+03
7.866052000000000000e+06,9.890000000000000000e+02
7.867920000000000000e+06,1.031000000000000000e+03
7.868856000000000000e+06,1.082000000000000000e+03
7.869792000000000000e+06,1.070000000000000000e+03
7.870724000000000000e+06,1.066000000000000000e+03
7.871660000000000000e+06,1.045000000000000000e+03
7.872596000000000000e+06,1.042000000000000000e+03
7.873532000000000000e+06,1.043000000000000000e+03
7.874464000000000000e+06,1.039000000000000000e+03
7.875400000000000000e+06,1.044000000000000000e+03
7.876336000000000000e+06,1.076000000000000000e+03
7.877272000000000000e+06,1.090000000000000000e+03
7.878204000000000000e+06,1.094000000000000000e+03
7.879140000000000000e+06,1.098000000000000000e+03
7.880076000000000000e+06,1.069000000000000000e+03
7.881012000000000000e+06,1.047000000000000000e+03
7.881944000000000000e+06,9.940000000000000000e+02
7.882880000000000000e+06,9.980000000000000000e+02
7.883816000000000000e+06,1.055000000000000000e+03
7.884752000000000000e+06,1.040000000000000000e+03
7.885684000000000000e+06,1.038000000000000000e+03
7.886620000000000000e+06,1.064000000000000000e+03
7.887556000000000000e+06,1.054000000000000000e+03
7.888492000000000000e+06,1.055000000000000000e+03
7.889424000000000000e+06,1.086000000000000000e+03
7.890360000000000000e+06,1.072000000000000000e+03
7.891296000000000000e+06,1.055000000000000000e+03
7.892232000000000000e+06,1.077000000000000000e+03
7.893164000000000000e+06,1.094000000000000000e+03
7.894100000000000000e+06,1.061000000000000000e+03
7.895036000000000000e+06,1.061000000000000000e+03
7.895972000000000000e+06,1.001000000000000000e+03
7.896904000000000000e+06,1.041000000000000000e+03
7.897840000000000000e+06,1.059000000000000000e+03
7.898776000000000000e+06,1.057000000000000000e+03
7.899712000000000000e+06,1.030000000000000000e+03
7.900644000000000000e+06,1.045000000000000000e+03
7.901580000000000000e+06,1.070000000000000000e+03
7.902516000000000000e+06,1.047000000000000000e+03
7.903452000000000000e+06,1.040000000000000000e+03
7.904384000000000000e+06,1.090000000000000000e+03
7.905320000000000000e+06,1.087000000000000000e+03
7.906256000000000000e+06,1.071000000000000000e+03
7.907192000000000000e+06,1.083000000000000000e+03
7.908124000000000000e+06,1.035000000000000000e+03
7.909060000000000000e+06,1.082000000000000000e+03
7.909996000000000000e+06,1.047000000000000000e+03
7.910932000000000000e+06,1.055000000000000000e+03
7.911864000000000000e+06,9.990000000000000000e+02
7.912800000000000000e+06,1.051000000000000000e+03
7.913736000000000000e+06,1.079000000000000000e+03
7.914672000000000000e+06,1.099000000000000000e+03
7.915604000000000000e+06,1.086000000000000000e+03
7.916540000000000000e+06,1.088000000000000000e+03
7.917476000000000000e+06,1.076000000000000000e+03
7.918412000000000000e+06,1.038000000000000000e+03
7.919344000000000000e+06,1.024000000000000000e+03
7.920280000000000000e+06,1.066000000000000000e+03
7.921216000000000000e+06,1.032000000000000000e+03
7.922152000000000000e+06,1.042000000000000000e+03
7.923084000000000000e+06,1.063000000000000000e+03
7.924020000000000000e+06,1.121000000000000000e+03
7.924956000000000000e+06,1.125000000000000000e+03
7.925892000000000000e+06,1.112000000000000000e+03
7.926824000000000000e+06,1.035000000000000000e+03
7.927760000000000000e+06,1.062000000000000000e+03
7.928696000000000000e+06,1.108000000000000000e+03
7.929632000000000000e+06,1.117000000000000000e+03
7.930564000000000000e+06,1.109000000000000000e+03
7.931500000000000000e+06,1.075000000000000000e+03
7.933372000000000000e+06,1.024000000000000000e+03
7.934304000000000000e+06,1.016000000000000000e+03
7.935240000000000000e+06,1.022000000000000000e+03
7.936176000000000000e+06,1.021000000000000000e+03
7.937112000000000000e+06,1.035000000000000000e+03
7.938044000000000000e+06,9.960000000000000000e+02
7.938980000000000000e+06,1.045000000000000000e+03
7.939916000000000000e+06,1.051000000000000000e+03
7.940852000000000000e+06,1.053000000000000000e+03
7.941784000000000000e+06,1.049000000000000000e+03
7.942720000000000000e+06,1.070000000000000000e+03
7.943656000000000000e+06,1.064000000000000000e+03
7.944592000000000000e+06,1.054000000000000000e+03
7.945524000000000000e+06,1.054000000000000000e+03
7.946460000000000000e+06,1.046000000000000000e+03
7.947396000000000000e+06,1.083000000000000000e+03
7.948332000000000000e+06,1.111000000000000000e+03
7.949264000000000000e+06,1.089000000000000000e+03
7.950200000000000000e+06,1.050000000000000000e+03
7.951136000000000000e+06,1.053000000000000000e+03
7.952072000000000000e+06,1.104000000000000000e+03
7.953004000000000000e+06,1.120000000000000000e+03
7.953940000000000000e+06,1.097000000000000000e+03
7.954876000000000000e+06,1.083000000000000000e+03
7.955812000000000000e+06,1.063000000000000000e+03
7.956744000000000000e+06,9.990000000000000000e+02
7.957680000000000000e+06,9.800000000000000000e+02
7.958616000000000000e+06,9.550000000000000000e+02
7.959552000000000000e+06,9.830000000000000000e+02
7.960484000000000000e+06,1.087000000000000000e+03
7.961420000000000000e+06,1.057000000000000000e+03
7.962356000000000000e+06,1.008000000000000000e+03
7.963292000000000000e+06,1.064000000000000000e+03
7.964224000000000000e+06,1.008000000000000000e+03
7.965160000000000000e+06,1.005000000000000000e+03
7.966096000000000000e+06,1.084000000000000000e+03
7.967032000000000000e+06,1.051000000000000000e+03
7.967964000000000000e+06,1.032000000000000000e+03
7.968900000000000000e+06,1.082000000000000000e+03
7.969836000000000000e+06,1.070000000000000000e+03
7.970772000000000000e+06,1.093000000000000000e+03
7.971704000000000000e+06,1.177000000000000000e+03
7.972640000000000000e+06,1.116000000000000000e+03
7.973576000000000000e+06,1.047000000000000000e+03
7.974512000000000000e+06,1.076000000000000000e+03
7.975444000000000000e+06,1.019000000000000000e+03
7.976380000000000000e+06,1.096000000000000000e+03
7.977316000000000000e+06,1.087000000000000000e+03
7.978252000000000000e+06,1.112000000000000000e+03
7.979184000000000000e+06,1.055000000000000000e+03
7.980120000000000000e+06,1.013000000000000000e+03
7.981060000000000000e+06,9.860000000000000000e+02
7.981992000000000000e+06,1.039000000000000000e+03
7.982924000000000000e+06,1.017000000000000000e+03
7.983860000000000000e+06,9.820000000000000000e+02
7.984796000000000000e+06,1.046000000000000000e+03
7.985732000000000000e+06,1.031000000000000000e+03
7.986664000000000000e+06,1.033000000000000000e+03
7.987600000000000000e+06,1.047000000000000000e+03
7.988536000000000000e+06,1.040000000000000000e+03
7.989472000000000000e+06,1.023000000000000000e+03
7.990404000000000000e+06,1.030000000000000000e+03
7.991340000000000000e+06,1.088000000000000000e+03
7.992276000000000000e+06,1.120000000000000000e+03
7.993212000000000000e+06,1.102000000000000000e+03
7.994144000000000000e+06,1.023000000000000000e+03
7.995080000000000000e+06,1.045000000000000000e+03
7.996016000000000000e+06,1.015000000000000000e+03
7.996952000000000000e+06,1.029000000000000000e+03
7.997884000000000000e+06,1.046000000000000000e+03
7.998820000000000000e+06,1.055000000000000000e+03
7.999756000000000000e+06,1.083000000000000000e+03
8.000692000000000000e+06,1.062000000000000000e+03
8.001624000000000000e+06,1.116000000000000000e+03
8.002568000000000000e+06,1.081000000000000000e+03
8.003496000000000000e+06,1.039000000000000000e+03
8.004432000000000000e+06,1.061000000000000000e+03
8.005364000000000000e+06,1.121000000000000000e+03
8.006300000000000000e+06,1.080000000000000000e+03
8.007236000000000000e+06,1.054000000000000000e+03
8.008172000000000000e+06,9.960000000000000000e+02
8.009104000000000000e+06,9.840000000000000000e+02
8.010040000000000000e+06,9.790000000000000000e+02
8.010976000000000000e+06,9.980000000000000000e+02
8.011912000000000000e+06,1.035000000000000000e+03
8.012844000000000000e+06,1.096000000000000000e+03
8.013780000000000000e+06,1.081000000000000000e+03
8.014716000000000000e+06,1.102000000000000000e+03
8.015652000000000000e+06,1.074000000000000000e+03
8.016584000000000000e+06,1.048000000000000000e+03
8.017520000000000000e+06,1.043000000000000000e+03
8.018456000000000000e+06,1.023000000000000000e+03
8.019392000000000000e+06,1.027000000000000000e+03
8.020324000000000000e+06,1.045000000000000000e+03
8.021260000000000000e+06,1.049000000000000000e+03
8.022196000000000000e+06,1.038000000000000000e+03
8.023132000000000000e+06,1.033000000000000000e+03
8.024072000000000000e+06,1.045000000000000000e+03
8.025000000000000000e+06,1.076000000000000000e+03
8.025936000000000000e+06,1.094000000000000000e+03
8.026872000000000000e+06,1.051000000000000000e+03
8.027804000000000000e+06,1.060000000000000000e+03
8.028740000000000000e+06,1.027000000000000000e+03
8.029676000000000000e+06,1.041000000000000000e+03
8.030612000000000000e+06,1.062000000000000000e+03
8.031544000000000000e+06,1.093000000000000000e+03
8.032480000000000000e+06,1.043000000000000000e+03
8.033416000000000000e+06,1.035000000000000000e+03
8.034352000000000000e+06,1.114000000000000000e+03
8.035284000000000000e+06,1.063000000000000000e+03
8.036220000000000000e+06,1.057000000000000000e+03
8.037156000000000000e+06,1.074000000000000000e+03
8.038092000000000000e+06,1.016000000000000000e+03
8.039024000000000000e+06,1.097000000000000000e+03
8.039960000000000000e+06,1.106000000000000000e+03
8.040896000000000000e+06,1.079000000000000000e+03
8.041832000000000000e+06,1.108000000000000000e+03
8.042764000000000000e+06,1.114000000000000000e+03
8.043700000000000000e+06,1.035000000000000000e+03
8.044636000000000000e+06,1.043000000000000000e+03
8.045576000000000000e+06,1.009000000000000000e+03
8.046504000000000000e+06,9.730000000000000000e+02
8.047440000000000000e+06,1.025000000000000000e+03
8.048376000000000000e+06,1.033000000000000000e+03
8.049312000000000000e+06,1.023000000000000000e+03
8.050244000000000000e+06,1.057000000000000000e+03
8.051180000000000000e+06,1.039000000000000000e+03
8.052116000000000000e+06,1.074000000000000000e+03
8.053052000000000000e+06,1.035000000000000000e+03
8.053984000000000000e+06,1.037000000000000000e+03
8.054920000000000000e+06,1.044000000000000000e+03
8.055856000000000000e+06,1.091000000000000000e+03
8.056792000000000000e+06,1.110000000000000000e+03
8.057724000000000000e+06,1.055000000000000000e+03
8.058660000000000000e+06,1.074000000000000000e+03
8.059596000000000000e+06,1.035000000000000000e+03
8.060532000000000000e+06,1.032000000000000000e+03
8.061464000000000000e+06,1.060000000000000000e+03
8.062400000000000000e+06,1.056000000000000000e+03
8.063336000000000000e+06,1.037000000000000000e+03
8.064272000000000000e+06,1.054000000000000000e+03
8.065204000000000000e+06,1.107000000000000000e+03
8.066140000000000000e+06,1.052000000000000000e+03
8.067080000000000000e+06,1.011000000000000000e+03
8.068012000000000000e+06,1.035000000000000000e+03
8.068944000000000000e+06,1.014000000000000000e+03
8.069880000000000000e+06,1.081000000000000000e+03
8.070816000000000000e+06,1.037000000000000000e+03
8.071752000000000000e+06,1.055000000000000000e+03
8.072684000000000000e+06,1.026000000000000000e+03
8.073620000000000000e+06,1.005000000000000000e+03
8.074556000000000000e+06,1.004000000000000000e+03
8.075492000000000000e+06,1.040000000000000000e+03
8.076424000000000000e+06,9.890000000000000000e+02
8.077360000000000000e+06,1.005000000000000000e+03
8.078296000000000000e+06,1.070000000000000000e+03
8.079232000000000000e+06,1.081000000000000000e+03
8.080164000000000000e+06,1.100000000000000000e+03
8.081100000000000000e+06,1.069000000000000000e+03
8.082036000000000000e+06,1.039000000000000000e+03
8.082972000000000000e+06,1.052000000000000000e+03
8.083904000000000000e+06,1.093000000000000000e+03
8.084840000000000000e+06,1.088000000000000000e+03
8.085776000000000000e+06,1.062000000000000000e+03
8.086712000000000000e+06,1.037000000000000000e+03
8.087644000000000000e+06,1.051000000000000000e+03
8.088588000000000000e+06,1.040000000000000000e+03
8.089516000000000000e+06,1.064000000000000000e+03
8.090452000000000000e+06,1.048000000000000000e+03
8.091384000000000000e+06,1.053000000000000000e+03
8.092320000000000000e+06,1.026000000000000000e+03
8.093256000000000000e+06,1.046000000000000000e+03
8.094192000000000000e+06,1.085000000000000000e+03
8.095124000000000000e+06,1.085000000000000000e+03
8.096060000000000000e+06,1.044000000000000000e+03
8.096996000000000000e+06,1.008000000000000000e+03
8.097932000000000000e+06,1.062000000000000000e+03
8.098864000000000000e+06,1.079000000000000000e+03
8.099800000000000000e+06,1.079000000000000000e+03
8.100736000000000000e+06,1.045000000000000000e+03
8.101672000000000000e+06,1.062000000000000000e+03
8.102604000000000000e+06,1.063000000000000000e+03
8.103540000000000000e+06,1.030000000000000000e+03
8.104476000000000000e+06,1.063000000000000000e+03
8.105412000000000000e+06,1.104000000000000000e+03
8.106344000000000000e+06,1.071000000000000000e+03
8.107280000000000000e+06,1.069000000000000000e+03
8.108216000000000000e+06,1.046000000000000000e+03
8.109152000000000000e+06,1.059000000000000000e+03
8.110092000000000000e+06,1.029000000000000000e+03
8.111020000000000000e+06,1.056000000000000000e+03
8.111956000000000000e+06,1.042000000000000000e+03
8.112892000000000000e+06,1.039000000000000000e+03
8.113824000000000000e+06,1.029000000000000000e+03
8.114760000000000000e+06,1.018000000000000000e+03
8.115696000000000000e+06,1.041000000000000000e+03
8.116632000000000000e+06,1.086000000000000000e+03
8.117564000000000000e+06,1.080000000000000000e+03
8.118500000000000000e+06,1.043000000000000000e+03
8.119436000000000000e+06,1.030000000000000000e+03
8.120372000000000000e+06,1.047000000000000000e+03
8.121304000000000000e+06,1.090000000000000000e+03
8.122240000000000000e+06,1.078000000000000000e+03
8.123176000000000000e+06,1.030000000000000000e+03
8.124112000000000000e+06,1.081000000000000000e+03
8.125044000000000000e+06,1.084000000000000000e+03
8.125980000000000000e+06,1.077000000000000000e+03
8.126916000000000000e+06,9.990000000000000000e+02
8.127852000000000000e+06,1.047000000000000000e+03
8.128784000000000000e+06,1.047000000000000000e+03
8.129720000000000000e+06,1.080000000000000000e+03
8.130656000000000000e+06,1.032000000000000000e+03
8.131596000000000000e+06,1.007000000000000000e+03
8.132524000000000000e+06,1.050000000000000000e+03
8.133460000000000000e+06,1.019000000000000000e+03
8.134396000000000000e+06,1.027000000000000000e+03
8.135332000000000000e+06,1.063000000000000000e+03
8.136264000000000000e+06,1.094000000000000000e+03
8.137200000000000000e+06,1.083000000000000000e+03
8.138136000000000000e+06,1.047000000000000000e+03
8.139072000000000000e+06,1.029000000000000000e+03
8.140004000000000000e+06,1.032000000000000000e+03
8.140940000000000000e+06,1.036000000000000000e+03
8.141876000000000000e+06,1.066000000000000000e+03
8.142812000000000000e+06,1.076000000000000000e+03
8.143744000000000000e+06,1.086000000000000000e+03
8.144680000000000000e+06,1.113000000000000000e+03
8.145616000000000000e+06,1.050000000000000000e+03
8.146552000000000000e+06,1.073000000000000000e+03
8.147484000000000000e+06,1.066000000000000000e+03
8.148420000000000000e+06,1.028000000000000000e+03
8.149356000000000000e+06,1.014000000000000000e+03
8.150292000000000000e+06,1.049000000000000000e+03
8.151224000000000000e+06,1.042000000000000000e+03
8.152160000000000000e+06,1.037000000000000000e+03
8.153104000000000000e+06,1.061000000000000000e+03
8.154032000000000000e+06,1.041000000000000000e+03
8.154964000000000000e+06,1.136000000000000000e+03
8.155900000000000000e+06,1.085000000000000000e+03
8.156836000000000000e+06,1.029000000000000000e+03
8.157772000000000000e+06,1.017000000000000000e+03
8.158704000000000000e+06,1.031000000000000000e+03
8.159640000000000000e+06,1.042000000000000000e+03
8.160576000000000000e+06,1.044000000000000000e+03
8.161512000000000000e+06,1.030000000000000000e+03
8.162444000000000000e+06,1.025000000000000000e+03
8.163380000000000000e+06,1.065000000000000000e+03
8.164316000000000000e+06,1.065000000000000000e+03
8.165252000000000000e+06,1.030000000000000000e+03
8.166184000000000000e+06,9.910000000000000000e+02
8.167120000000000000e+06,1.016000000000000000e+03
8.168056000000000000e+06,1.025000000000000000e+03
8.168992000000000000e+06,1.050000000000000000e+03
8.169924000000000000e+06,1.077000000000000000e+03
8.170860000000000000e+06,1.086000000000000000e+03
8.171796000000000000e+06,1.096000000000000000e+03
8.172732000000000000e+06,1.085000000000000000e+03
8.173664000000000000e+06,1.022000000000000000e+03
8.174608000000000000e+06,1.029000000000000000e+03
8.175536000000000000e+06,1.025000000000000000e+03
8.176472000000000000e+06,1.019000000000000000e+03
8.177404000000000000e+06,1.034000000000000000e+03
8.178340000000000000e+06,1.014000000000000000e+03
8.179276000000000000e+06,1.027000000000000000e+03
8.180212000000000000e+06,1.065000000000000000e+03
8.181144000000000000e+06,1.031000000000000000e+03
8.182080000000000000e+06,1.040000000000000000e+03
8.183016000000000000e+06,1.080000000000000000e+03
8.183952000000000000e+06,1.076000000000000000e+03
8.184884000000000000e+06,1.075000000000000000e+03
8.185820000000000000e+06,1.022000000000000000e+03
8.186756000000000000e+06,1.052000000000000000e+03
8.187692000000000000e+06,1.055000000000000000e+03
8.188624000000000000e+06,1.059000000000000000e+03
8.189560000000000000e+06,1.066000000000000000e+03
8.190496000000000000e+06,1.068000000000000000e+03
8.191432000000000000e+06,1.069000000000000000e+03
8.192364000000000000e+06,1.041000000000000000e+03
8.193300000000000000e+06,1.036000000000000000e+03
8.194236000000000000e+06,1.091000000000000000e+03
8.195172000000000000e+06,1.052000000000000000e+03
8.196112000000000000e+06,1.087000000000000000e+03
8.197040000000000000e+06,1.049000000000000000e+03
8.197976000000000000e+06,1.024000000000000000e+03
8.198912000000000000e+06,1.063000000000000000e+03
8.199844000000000000e+06,1.102000000000000000e+03
8.200780000000000000e+06,1.092000000000000000e+03
8.201716000000000000e+06,1.064000000000000000e+03
8.202652000000000000e+06,1.086000000000000000e+03
8.203584000000000000e+06,1.081000000000000000e+03
8.204520000000000000e+06,1.042000000000000000e+03
8.205456000000000000e+06,1.031000000000000000e+03
8.206392000000000000e+06,1.039000000000000000e+03
8.207324000000000000e+06,1.055000000000000000e+03
8.208260000000000000e+06,1.039000000000000000e+03
8.209196000000000000e+06,1.027000000000000000e+03
8.210132000000000000e+06,1.000000000000000000e+03
8.211064000000000000e+06,1.051000000000000000e+03
8.212000000000000000e+06,1.078000000000000000e+03
8.212936000000000000e+06,1.068000000000000000e+03
8.213872000000000000e+06,1.079000000000000000e+03
8.214804000000000000e+06,1.097000000000000000e+03
8.215740000000000000e+06,1.113000000000000000e+03
8.216676000000000000e+06,1.108000000000000000e+03
8.217616000000000000e+06,1.082000000000000000e+03
8.218544000000000000e+06,1.062000000000000000e+03
8.219480000000000000e+06,1.053000000000000000e+03
8.220416000000000000e+06,1.047000000000000000e+03
8.221352000000000000e+06,1.065000000000000000e+03
8.222284000000000000e+06,1.064000000000000000e+03
8.223220000000000000e+06,1.103000000000000000e+03
8.224156000000000000e+06,1.013000000000000000e+03
8.225092000000000000e+06,1.025000000000000000e+03
8.226024000000000000e+06,1.058000000000000000e+03
8.226960000000000000e+06,1.066000000000000000e+03
8.227896000000000000e+06,1.103000000000000000e+03
8.228832000000000000e+06,1.071000000000000000e+03
8.229764000000000000e+06,1.065000000000000000e+03
8.230700000000000000e+06,1.083000000000000000e+03
8.231636000000000000e+06,1.073000000000000000e+03
8.232572000000000000e+06,1.120000000000000000e+03
8.233504000000000000e+06,1.081000000000000000e+03
8.234440000000000000e+06,1.066000000000000000e+03
8.235376000000000000e+06,9.970000000000000000e+02
8.236312000000000000e+06,1.029000000000000000e+03
8.237244000000000000e+06,1.024000000000000000e+03
8.238180000000000000e+06,1.013000000000000000e+03
8.239124000000000000e+06,1.007000000000000000e+03
8.240052000000000000e+06,1.052000000000000000e+03
8.240984000000000000e+06,1.044000000000000000e+03
8.241920000000000000e+06,1.023000000000000000e+03
8.242856000000000000e+06,1.037000000000000000e+03
8.243792000000000000e+06,1.055000000000000000e+03
8.244724000000000000e+06,1.046000000000000000e+03
8.245660000000000000e+06,1.059000000000000000e+03
8.246596000000000000e+06,1.069000000000000000e+03
8.247532000000000000e+06,1.088000000000000000e+03
8.248464000000000000e+06,1.083000000000000000e+03
8.249400000000000000e+06,1.070000000000000000e+03
8.250336000000000000e+06,1.042000000000000000e+03
8.251272000000000000e+06,1.051000000000000000e+03
8.252204000000000000e+06,1.089000000000000000e+03
8.253140000000000000e+06,1.050000000000000000e+03
8.254076000000000000e+06,1.138000000000000000e+03
8.255012000000000000e+06,1.086000000000000000e+03
8.255944000000000000e+06,1.082000000000000000e+03
8.256880000000000000e+06,1.040000000000000000e+03
8.257816000000000000e+06,1.093000000000000000e+03
8.258752000000000000e+06,1.077000000000000000e+03
8.259684000000000000e+06,1.033000000000000000e+03
8.260628000000000000e+06,1.070000000000000000e+03
8.261556000000000000e+06,1.049000000000000000e+03
8.262492000000000000e+06,1.043000000000000000e+03
8.263424000000000000e+06,1.062000000000000000e+03
8.264360000000000000e+06,1.004000000000000000e+03
8.265296000000000000e+06,1.061000000000000000e+03
8.266232000000000000e+06,1.040000000000000000e+03
8.267164000000000000e+06,1.057000000000000000e+03
8.268100000000000000e+06,1.037000000000000000e+03
8.269036000000000000e+06,1.058000000000000000e+03
8.269972000000000000e+06,1.035000000000000000e+03
8.270904000000000000e+06,1.024000000000000000e+03
8.271840000000000000e+06,1.050000000000000000e+03
8.272776000000000000e+06,1.037000000000000000e+03
8.273712000000000000e+06,1.036000000000000000e+03
8.274644000000000000e+06,1.082000000000000000e+03
8.275580000000000000e+06,1.088000000000000000e+03
8.276516000000000000e+06,1.083000000000000000e+03
8.277452000000000000e+06,1.062000000000000000e+03
8.278384000000000000e+06,1.058000000000000000e+03
8.279320000000000000e+06,1.064000000000000000e+03
8.280256000000000000e+06,1.023000000000000000e+03
8.281192000000000000e+06,1.041000000000000000e+03
8.282132000000000000e+06,1.074000000000000000e+03
8.283060000000000000e+06,1.056000000000000000e+03
8.283996000000000000e+06,1.039000000000000000e+03
8.284932000000000000e+06,1.037000000000000000e+03
8.285864000000000000e+06,1.065000000000000000e+03
8.286800000000000000e+06,1.082000000000000000e+03
8.287736000000000000e+06,1.068000000000000000e+03
8.288672000000000000e+06,1.082000000000000000e+03
8.289604000000000000e+06,1.073000000000000000e+03
8.290540000000000000e+06,1.065000000000000000e+03
8.291476000000000000e+06,1.075000000000000000e+03
8.292412000000000000e+06,1.091000000000000000e+03
8.293344000000000000e+06,1.090000000000000000e+03
8.294280000000000000e+06,1.088000000000000000e+03
8.295216000000000000e+06,1.048000000000000000e+03
8.296152000000000000e+06,1.084000000000000000e+03
8.297084000000000000e+06,1.055000000000000000e+03
8.298020000000000000e+06,1.104000000000000000e+03
8.298956000000000000e+06,1.086000000000000000e+03
8.299892000000000000e+06,1.077000000000000000e+03
8.300824000000000000e+06,1.067000000000000000e+03
8.301760000000000000e+06,1.016000000000000000e+03
8.302696000000000000e+06,1.022000000000000000e+03
8.303636000000000000e+06,1.024000000000000000e+03
8.304564000000000000e+06,1.015000000000000000e+03
8.305500000000000000e+06,1.035000000000000000e+03
8.306436000000000000e+06,1.058000000000000000e+03
8.307372000000000000e+06,1.039000000000000000e+03
8.308304000000000000e+06,1.050000000000000000e+03
8.309240000000000000e+06,1.035000000000000000e+03
8.310176000000000000e+06,1.022000000000000000e+03
8.311112000000000000e+06,1.016000000000000000e+03
8.312044000000000000e+06,1.005000000000000000e+03
8.312980000000000000e+06,1.034000000000000000e+03
8.313916000000000000e+06,1.093000000000000000e+03
8.314852000000000000e+06,1.029000000000000000e+03
8.315784000000000000e+06,1.124000000000000000e+03
8.316720000000000000e+06,1.093000000000000000e+03
8.317656000000000000e+06,1.041000000000000000e+03
8.318592000000000000e+06,1.076000000000000000e+03
8.319524000000000000e+06,1.081000000000000000e+03
8.320460000000000000e+06,1.076000000000000000e+03
8.321396000000000000e+06,1.063000000000000000e+03
8.322332000000000000e+06,1.059000000000000000e+03
8.323264000000000000e+06,1.043000000000000000e+03
8.324200000000000000e+06,1.099000000000000000e+03
8.325140000000000000e+06,1.064000000000000000e+03
8.326072000000000000e+06,1.002000000000000000e+03
8.327004000000000000e+06,1.042000000000000000e+03
8.327940000000000000e+06,1.053000000000000000e+03
8.328876000000000000e+06,1.051000000000000000e+03
8.329812000000000000e+06,1.065000000000000000e+03
8.330744000000000000e+06,1.060000000000000000e+03
8.331680000000000000e+06,1.071000000000000000e+03
8.332616000000000000e+06,1.065000000000000000e+03
8.333552000000000000e+06,1.068000000000000000e+03
8.334484000000000000e+06,1.097000000000000000e+03
8.335420000000000000e+06,1.119000000000000000e+03
8.336356000000000000e+06,1.049000000000000000e+03
8.337292000000000000e+06,1.073000000000000000e+03
8.338224000000000000e+06,1.037000000000000000e+03
8.339160000000000000e+06,9.670000000000000000e+02
8.340096000000000000e+06,9.810000000000000000e+02
8.341032000000000000e+06,1.053000000000000000e+03
8.341964000000000000e+06,1.050000000000000000e+03
8.342900000000000000e+06,1.042000000000000000e+03
8.343836000000000000e+06,1.021000000000000000e+03
8.344772000000000000e+06,1.017000000000000000e+03
8.345704000000000000e+06,1.020000000000000000e+03
8.346644000000000000e+06,1.012000000000000000e+03
8.347576000000000000e+06,1.012000000000000000e+03
8.348512000000000000e+06,1.037000000000000000e+03
8.349444000000000000e+06,1.091000000000000000e+03
8.350380000000000000e+06,1.093000000000000000e+03
8.351316000000000000e+06,1.051000000000000000e+03
8.352252000000000000e+06,1.111000000000000000e+03
8.353184000000000000e+06,1.082000000000000000e+03
8.354120000000000000e+06,1.098000000000000000e+03
8.355056000000000000e+06,1.045000000000000000e+03
8.355992000000000000e+06,1.065000000000000000e+03
8.356924000000000000e+06,1.095000000000000000e+03
8.357860000000000000e+06,1.055000000000000000e+03
8.358796000000000000e+06,1.071000000000000000e+03
8.359732000000000000e+06,1.084000000000000000e+03
8.360664000000000000e+06,1.052000000000000000e+03
8.361600000000000000e+06,1.055000000000000000e+03
8.362536000000000000e+06,1.035000000000000000e+03
8.363472000000000000e+06,1.090000000000000000e+03
8.364404000000000000e+06,1.155000000000000000e+03
8.365340000000000000e+06,1.169000000000000000e+03
8.366276000000000000e+06,1.119000000000000000e+03
8.367212000000000000e+06,1.053000000000000000e+03
8.368148000000000000e+06,1.004000000000000000e+03
8.369080000000000000e+06,9.500000000000000000e+02
8.370016000000000000e+06,9.910000000000000000e+02
8.370952000000000000e+06,9.770000000000000000e+02
8.371884000000000000e+06,9.960000000000000000e+02
8.372820000000000000e+06,1.032000000000000000e+03
8.373756000000000000e+06,1.083000000000000000e+03
8.374692000000000000e+06,1.082000000000000000e+03
8.375624000000000000e+06,1.042000000000000000e+03
8.376560000000000000e+06,1.049000000000000000e+03
8.377496000000000000e+06,1.044000000000000000e+03
8.378432000000000000e+06,1.073000000000000000e+03
8.379364000000000000e+06,1.067000000000000000e+03
8.380300000000000000e+06,1.076000000000000000e+03
8.381236000000000000e+06,1.090000000000000000e+03
8.382172000000000000e+06,1.092000000000000000e+03
8.383104000000000000e+06,1.114000000000000000e+03
8.384040000000000000e+06,1.120000000000000000e+03
8.384976000000000000e+06,1.099000000000000000e+03
8.385912000000000000e+06,1.072000000000000000e+03
8.386844000000000000e+06,1.059000000000000000e+03
8.387780000000000000e+06,1.039000000000000000e+03
8.388716000000000000e+06,1.006000000000000000e+03
8.389652000000000000e+06,1.024000000000000000e+03
8.390584000000000000e+06,1.011000000000000000e+03
8.391520000000000000e+06,1.045000000000000000e+03
8.392456000000000000e+06,1.041000000000000000e+03
8.393392000000000000e+06,1.082000000000000000e+03
8.394324000000000000e+06,1.084000000000000000e+03
8.395260000000000000e+06,1.049000000000000000e+03
8.396196000000000000e+06,1.049000000000000000e+03
8.397132000000000000e+06,1.046000000000000000e+03
8.398064000000000000e+06,1.037000000000000000e+03
8.399000000000000000e+06,1.076000000000000000e+03
8.399936000000000000e+06,1.072000000000000000e+03
8.400872000000000000e+06,1.063000000000000000e+03
8.401804000000000000e+06,1.026000000000000000e+03
8.402740000000000000e+06,1.004000000000000000e+03
8.403676000000000000e+06,9.800000000000000000e+02
8.404612000000000000e+06,1.070000000000000000e+03
8.405544000000000000e+06,1.088000000000000000e+03
8.406480000000000000e+06,1.099000000000000000e+03
8.407416000000000000e+06,1.096000000000000000e+03
8.408352000000000000e+06,1.037000000000000000e+03
8.409284000000000000e+06,1.023000000000000000e+03
8.410220000000000000e+06,1.039000000000000000e+03
8.411156000000000000e+06,1.035000000000000000e+03
8.412092000000000000e+06,1.046000000000000000e+03
8.413024000000000000e+06,1.090000000000000000e+03
8.413960000000000000e+06,1.119000000000000000e+03
8.414896000000000000e+06,1.070000000000000000e+03
8.415832000000000000e+06,1.072000000000000000e+03
8.416764000000000000e+06,1.045000000000000000e+03
8.417700000000000000e+06,1.068000000000000000e+03
8.418636000000000000e+06,1.094000000000000000e+03
8.419572000000000000e+06,1.070000000000000000e+03
8.420504000000000000e+06,1.101000000000000000e+03
8.421440000000000000e+06,1.067000000000000000e+03
8.422376000000000000e+06,1.082000000000000000e+03
8.423312000000000000e+06,1.086000000000000000e+03
8.424244000000000000e+06,1.039000000000000000e+03
8.425180000000000000e+06,1.043000000000000000e+03
8.426116000000000000e+06,1.087000000000000000e+03
8.427052000000000000e+06,1.056000000000000000e+03
8.427984000000000000e+06,1.035000000000000000e+03
8.428920000000000000e+06,1.074000000000000000e+03
8.429856000000000000e+06,1.050000000000000000e+03
8.430792000000000000e+06,1.021000000000000000e+03
8.431724000000000000e+06,1.004000000000000000e+03
8.432660000000000000e+06,1.022000000000000000e+03
8.433596000000000000e+06,1.101000000000000000e+03
8.434532000000000000e+06,1.019000000000000000e+03
8.435464000000000000e+06,1.019000000000000000e+03
8.436400000000000000e+06,1.038000000000000000e+03
8.437336000000000000e+06,1.046000000000000000e+03
8.438272000000000000e+06,1.055000000000000000e+03
8.439204000000000000e+06,1.042000000000000000e+03
8.440140000000000000e+06,9.720000000000000000e+02
8.441076000000000000e+06,9.800000000000000000e+02
8.442012000000000000e+06,1.013000000000000000e+03
8.442944000000000000e+06,1.093000000000000000e+03
8.443880000000000000e+06,1.141000000000000000e+03
8.444816000000000000e+06,1.052000000000000000e+03
8.445752000000000000e+06,1.059000000000000000e+03
8.446684000000000000e+06,1.082000000000000000e+03
8.447620000000000000e+06,1.100000000000000000e+03
8.448556000000000000e+06,1.058000000000000000e+03
8.449492000000000000e+06,1.083000000000000000e+03
8.450424000000000000e+06,1.094000000000000000e+03
8.451360000000000000e+06,1.080000000000000000e+03
8.452296000000000000e+06,1.070000000000000000e+03
8.453232000000000000e+06,1.086000000000000000e+03
8.454164000000000000e+06,1.081000000000000000e+03
8.455100000000000000e+06,1.111000000000000000e+03
8.456036000000000000e+06,1.084000000000000000e+03
8.456972000000000000e+06,1.072000000000000000e+03
8.457904000000000000e+06,1.062000000000000000e+03
8.458840000000000000e+06,1.062000000000000000e+03
8.459776000000000000e+06,1.050000000000000000e+03
8.460712000000000000e+06,1.035000000000000000e+03
8.461644000000000000e+06,1.022000000000000000e+03
8.462580000000000000e+06,9.830000000000000000e+02
8.463516000000000000e+06,9.900000000000000000e+02
8.464452000000000000e+06,9.730000000000000000e+02
8.465384000000000000e+06,1.037000000000000000e+03
8.466320000000000000e+06,1.053000000000000000e+03
8.467256000000000000e+06,1.082000000000000000e+03
8.468192000000000000e+06,1.068000000000000000e+03
8.469124000000000000e+06,1.047000000000000000e+03
8.470060000000000000e+06,1.072000000000000000e+03
8.470996000000000000e+06,1.074000000000000000e+03
8.471932000000000000e+06,1.056000000000000000e+03
8.472864000000000000e+06,1.000000000000000000e+03
8.473800000000000000e+06,1.006000000000000000e+03
8.474736000000000000e+06,1.012000000000000000e+03
8.475672000000000000e+06,1.018000000000000000e+03
8.476604000000000000e+06,1.056000000000000000e+03
8.477540000000000000e+06,1.059000000000000000e+03
8.478476000000000000e+06,1.069000000000000000e+03
8.479412000000000000e+06,1.058000000000000000e+03
8.480344000000000000e+06,1.051000000000000000e+03
8.481280000000000000e+06,1.087000000000000000e+03
8.482216000000000000e+06,1.101000000000000000e+03
8.483152000000000000e+06,1.124000000000000000e+03
8.484084000000000000e+06,1.071000000000000000e+03
8.485020000000000000e+06,1.069000000000000000e+03
8.485956000000000000e+06,1.082000000000000000e+03
8.486892000000000000e+06,1.068000000000000000e+03
8.487824000000000000e+06,1.059000000000000000e+03
8.488760000000000000e+06,1.058000000000000000e+03
8.489696000000000000e+06,9.970000000000000000e+02
8.490632000000000000e+06,1.012000000000000000e+03
8.491564000000000000e+06,1.002000000000000000e+03
8.492500000000000000e+06,1.103000000000000000e+03
8.493436000000000000e+06,1.044000000000000000e+03
8.494372000000000000e+06,1.010000000000000000e+03
8.495304000000000000e+06,1.016000000000000000e+03
8.496240000000000000e+06,1.088000000000000000e+03
8.497176000000000000e+06,1.049000000000000000e+03
8.498112000000000000e+06,1.003000000000000000e+03
8.499044000000000000e+06,1.009000000000000000e+03
8.499980000000000000e+06,1.014000000000000000e+03
8.500916000000000000e+06,1.002000000000000000e+03
8.501852000000000000e+06,1.044000000000000000e+03
8.502784000000000000e+06,1.035000000000000000e+03
8.503720000000000000e+06,1.096000000000000000e+03
8.504656000000000000e+06,1.027000000000000000e+03
8.505592000000000000e+06,1.066000000000000000e+03
8.506524000000000000e+06,1.099000000000000000e+03
8.507460000000000000e+06,1.052000000000000000e+03
8.508396000000000000e+06,1.083000000000000000e+03
8.509332000000000000e+06,1.050000000000000000e+03
8.510264000000000000e+06,1.054000000000000000e+03
8.511200000000000000e+06,1.070000000000000000e+03
8.512136000000000000e+06,1.083000000000000000e+03
8.513072000000000000e+06,1.066000000000000000e+03
8.514004000000000000e+06,1.067000000000000000e+03
8.514940000000000000e+06,1.064000000000000000e+03
8.515876000000000000e+06,1.052000000000000000e+03
8.516812000000000000e+06,1.035000000000000000e+03
8.517744000000000000e+06,1.021000000000000000e+03
8.518680000000000000e+06,1.022000000000000000e+03
8.519616000000000000e+06,1.037000000000000000e+03
8.520552000000000000e+06,1.033000000000000000e+03
8.521484000000000000e+06,1.046000000000000000e+03
8.523356000000000000e+06,1.069000000000000000e+03
8.524292000000000000e+06,1.099000000000000000e+03
8.525224000000000000e+06,1.123000000000000000e+03
8.526160000000000000e+06,1.106000000000000000e+03
8.527096000000000000e+06,1.077000000000000000e+03
8.528032000000000000e+06,1.084000000000000000e+03
8.528964000000000000e+06,1.053000000000000000e+03
8.529900000000000000e+06,1.100000000000000000e+03
8.530836000000000000e+06,1.019000000000000000e+03
8.531772000000000000e+06,1.011000000000000000e+03
8.532704000000000000e+06,1.009000000000000000e+03
8.533640000000000000e+06,1.004000000000000000e+03
8.534576000000000000e+06,1.012000000000000000e+03
8.535512000000000000e+06,1.033000000000000000e+03
8.536444000000000000e+06,1.035000000000000000e+03
8.537380000000000000e+06,1.004000000000000000e+03
8.538316000000000000e+06,1.024000000000000000e+03
8.539252000000000000e+06,1.036000000000000000e+03
8.540184000000000000e+06,1.060000000000000000e+03
8.541120000000000000e+06,1.058000000000000000e+03
8.542056000000000000e+06,1.103000000000000000e+03
8.542992000000000000e+06,1.075000000000000000e+03
8.543924000000000000e+06,1.049000000000000000e+03
8.544860000000000000e+06,1.049000000000000000e+03
8.545796000000000000e+06,1.056000000000000000e+03
8.546732000000000000e+06,1.035000000000000000e+03
8.547664000000000000e+06,1.074000000000000000e+03
8.548600000000000000e+06,1.068000000000000000e+03
8.549536000000000000e+06,1.038000000000000000e+03
8.550472000000000000e+06,1.047000000000000000e+03
8.551404000000000000e+06,1.049000000000000000e+03
8.552340000000000000e+06,1.045000000000000000e+03
8.553276000000000000e+06,1.061000000000000000e+03
8.554212000000000000e+06,1.024000000000000000e+03
8.555144000000000000e+06,1.085000000000000000e+03
8.556080000000000000e+06,1.098000000000000000e+03
8.557016000000000000e+06,1.080000000000000000e+03
8.557952000000000000e+06,1.118000000000000000e+03
8.558884000000000000e+06,1.110000000000000000e+03
8.559820000000000000e+06,1.078000000000000000e+03
8.560756000000000000e+06,1.058000000000000000e+03
8.561692000000000000e+06,1.028000000000000000e+03
8.562624000000000000e+06,1.023000000000000000e+03
8.563560000000000000e+06,9.320000000000000000e+02
8.564496000000000000e+06,9.940000000000000000e+02
8.565432000000000000e+06,1.068000000000000000e+03
8.566364000000000000e+06,1.053000000000000000e+03
8.567300000000000000e+06,1.015000000000000000e+03
8.568236000000000000e+06,9.970000000000000000e+02
8.569172000000000000e+06,1.029000000000000000e+03
8.570104000000000000e+06,1.027000000000000000e+03
8.571040000000000000e+06,1.029000000000000000e+03
8.571976000000000000e+06,1.053000000000000000e+03
8.572912000000000000e+06,1.063000000000000000e+03
8.573844000000000000e+06,1.013000000000000000e+03
8.574780000000000000e+06,1.095000000000000000e+03
8.575716000000000000e+06,1.080000000000000000e+03
8.576652000000000000e+06,1.051000000000000000e+03
8.577584000000000000e+06,1.080000000000000000e+03
8.578520000000000000e+06,1.091000000000000000e+03
8.579456000000000000e+06,1.073000000000000000e+03
8.580392000000000000e+06,1.102000000000000000e+03
8.581324000000000000e+06,1.108000000000000000e+03
8.582260000000000000e+06,1.060000000000000000e+03
8.583196000000000000e+06,1.015000000000000000e+03
8.584132000000000000e+06,1.040000000000000000e+03
8.585064000000000000e+06,1.109000000000000000e+03
8.586000000000000000e+06,1.048000000000000000e+03
8.586936000000000000e+06,1.038000000000000000e+03
8.588804000000000000e+06,1.038000000000000000e+03
8.589740000000000000e+06,1.037000000000000000e+03
8.590676000000000000e+06,1.032000000000000000e+03
8.591612000000000000e+06,1.057000000000000000e+03
8.592544000000000000e+06,1.094000000000000000e+03
8.593480000000000000e+06,1.046000000000000000e+03
8.594416000000000000e+06,1.064000000000000000e+03
8.595352000000000000e+06,1.080000000000000000e+03
8.596284000000000000e+06,1.092000000000000000e+03
8.597220000000000000e+06,1.097000000000000000e+03
8.598156000000000000e+06,1.068000000000000000e+03
8.599092000000000000e+06,1.017000000000000000e+03
8.600024000000000000e+06,1.009000000000000000e+03
8.600960000000000000e+06,9.850000000000000000e+02
8.601896000000000000e+06,1.054000000000000000e+03
8.602832000000000000e+06,1.049000000000000000e+03
8.603764000000000000e+06,1.055000000000000000e+03
8.604700000000000000e+06,1.022000000000000000e+03
8.605636000000000000e+06,1.007000000000000000e+03
8.606572000000000000e+06,9.970000000000000000e+02
8.607504000000000000e+06,1.089000000000000000e+03
8.608440000000000000e+06,1.092000000000000000e+03
8.609376000000000000e+06,9.820000000000000000e+02
8.610312000000000000e+06,1.066000000000000000e+03
8.611244000000000000e+06,1.104000000000000000e+03
8.612180000000000000e+06,1.069000000000000000e+03
8.613116000000000000e+06,1.016000000000000000e+03
8.614052000000000000e+06,9.830000000000000000e+02
8.614984000000000000e+06,9.850000000000000000e+02
8.615920000000000000e+06,1.033000000000000000e+03
8.616856000000000000e+06,1.032000000000000000e+03
8.617792000000000000e+06,1.025000000000000000e+03
8.618724000000000000e+06,1.064000000000000000e+03
8.619660000000000000e+06,1.100000000000000000e+03
8.620596000000000000e+06,1.036000000000000000e+03
8.621532000000000000e+06,1.047000000000000000e+03
8.622464000000000000e+06,1.062000000000000000e+03
8.623400000000000000e+06,1.044000000000000000e+03
8.624336000000000000e+06,1.032000000000000000e+03
8.625272000000000000e+06,1.052000000000000000e+03
8.626204000000000000e+06,1.060000000000000000e+03
8.627140000000000000e+06,1.038000000000000000e+03
8.628076000000000000e+06,1.066000000000000000e+03
8.629012000000000000e+06,1.090000000000000000e+03
8.629944000000000000e+06,1.043000000000000000e+03
8.630880000000000000e+06,1.053000000000000000e+03
8.631816000000000000e+06,1.057000000000000000e+03
8.632752000000000000e+06,1.032000000000000000e+03
8.633684000000000000e+06,1.012000000000000000e+03
8.634620000000000000e+06,1.041000000000000000e+03
8.635556000000000000e+06,1.037000000000000000e+03
8.636492000000000000e+06,1.060000000000000000e+03
8.637424000000000000e+06,1.058000000000000000e+03
8.638360000000000000e+06,1.035000000000000000e+03
8.639296000000000000e+06,1.020000000000000000e+03
8.640232000000000000e+06,1.064000000000000000e+03
8.641164000000000000e+06,1.031000000000000000e+03
8.642100000000000000e+06,1.084000000000000000e+03
8.643036000000000000e+06,1.079000000000000000e+03
8.643972000000000000e+06,1.081000000000000000e+03
8.644904000000000000e+06,1.089000000000000000e+03
8.645840000000000000e+06,1.020000000000000000e+03
8.646776000000000000e+06,1.031000000000000000e+03
8.647712000000000000e+06,1.056000000000000000e+03
8.648644000000000000e+06,1.090000000000000000e+03
8.649580000000000000e+06,1.072000000000000000e+03
8.650516000000000000e+06,1.064000000000000000e+03
8.651452000000000000e+06,1.057000000000000000e+03
8.652384000000000000e+06,1.081000000000000000e+03
8.654256000000000000e+06,1.045000000000000000e+03
8.655192000000000000e+06,1.052000000000000000e+03
8.656124000000000000e+06,1.032000000000000000e+03
8.657060000000000000e+06,1.044000000000000000e+03
8.657996000000000000e+06,1.081000000000000000e+03
8.658932000000000000e+06,1.039000000000000000e+03
8.659864000000000000e+06,1.092000000000000000e+03
8.660800000000000000e+06,1.050000000000000000e+03
8.661736000000000000e+06,1.041000000000000000e+03
8.662672000000000000e+06,1.037000000000000000e+03
8.663604000000000000e+06,1.062000000000000000e+03
8.664540000000000000e+06,1.076000000000000000e+03
8.665476000000000000e+06,1.037000000000000000e+03
8.666412000000000000e+06,1.061000000000000000e+03
8.667344000000000000e+06,1.026000000000000000e+03
8.668280000000000000e+06,1.041000000000000000e+03
8.669216000000000000e+06,1.054000000000000000e+03
8.670152000000000000e+06,1.083000000000000000e+03
8.671084000000000000e+06,1.054000000000000000e+03
8.672020000000000000e+06,1.090000000000000000e+03
8.672956000000000000e+06,1.090000000000000000e+03
8.673892000000000000e+06,1.113000000000000000e+03
8.674824000000000000e+06,1.097000000000000000e+03
8.675760000000000000e+06,1.096000000000000000e+03
8.676696000000000000e+06,1.078000000000000000e+03
8.677632000000000000e+06,1.073000000000000000e+03
8.678564000000000000e+06,1.093000000000000000e+03
8.679500000000000000e+06,1.069000000000000000e+03
8.680436000000000000e+06,1.002000000000000000e+03
8.681372000000000000e+06,1.014000000000000000e+03
8.682304000000000000e+06,1.063000000000000000e+03
8.683240000000000000e+06,1.014000000000000000e+03
8.684176000000000000e+06,1.028000000000000000e+03
8.685112000000000000e+06,1.000000000000000000e+03
8.686044000000000000e+06,1.101000000000000000e+03
8.686980000000000000e+06,1.077000000000000000e+03
8.687916000000000000e+06,1.006000000000000000e+03
8.688852000000000000e+06,9.900000000000000000e+02
8.689784000000000000e+06,1.015000000000000000e+03
8.690720000000000000e+06,1.087000000000000000e+03
8.691656000000000000e+06,1.056000000000000000e+03
8.692592000000000000e+06,1.056000000000000000e+03
8.693524000000000000e+06,1.105000000000000000e+03
8.694460000000000000e+06,1.076000000000000000e+03
8.695396000000000000e+06,1.068000000000000000e+03
8.696332000000000000e+06,1.047000000000000000e+03
8.697264000000000000e+06,1.088000000000000000e+03
8.698200000000000000e+06,1.118000000000000000e+03
8.699136000000000000e+06,1.116000000000000000e+03
8.700072000000000000e+06,1.135000000000000000e+03
8.701004000000000000e+06,1.091000000000000000e+03
8.701940000000000000e+06,1.055000000000000000e+03
8.702876000000000000e+06,1.085000000000000000e+03
8.703812000000000000e+06,1.081000000000000000e+03
8.704744000000000000e+06,1.023000000000000000e+03
8.705680000000000000e+06,9.800000000000000000e+02
8.706616000000000000e+06,1.007000000000000000e+03
8.707552000000000000e+06,1.066000000000000000e+03
8.708484000000000000e+06,1.038000000000000000e+03
8.709420000000000000e+06,9.970000000000000000e+02
8.710356000000000000e+06,1.035000000000000000e+03
8.711292000000000000e+06,1.077000000000000000e+03
8.712224000000000000e+06,1.063000000000000000e+03
8.713160000000000000e+06,1.063000000000000000e+03
8.714096000000000000e+06,1.025000000000000000e+03
8.715032000000000000e+06,1.056000000000000000e+03
8.715964000000000000e+06,1.016000000000000000e+03
8.716900000000000000e+06,1.015000000000000000e+03
8.717836000000000000e+06,1.025000000000000000e+03
8.718772000000000000e+06,1.006000000000000000e+03
8.719704000000000000e+06,1.077000000000000000e+03
8.720640000000000000e+06,1.049000000000000000e+03
8.721576000000000000e+06,1.051000000000000000e+03
8.722512000000000000e+06,1.024000000000000000e+03
8.723444000000000000e+06,9.920000000000000000e+02
8.724380000000000000e+06,1.016000000000000000e+03
8.725316000000000000e+06,1.067000000000000000e+03
8.726252000000000000e+06,1.072000000000000000e+03
8.727184000000000000e+06,1.045000000000000000e+03
8.728120000000000000e+06,1.025000000000000000e+03
8.729056000000000000e+06,1.062000000000000000e+03
8.729992000000000000e+06,1.096000000000000000e+03
8.730924000000000000e+06,1.042000000000000000e+03
8.731860000000000000e+06,1.027000000000000000e+03
8.732796000000000000e+06,1.059000000000000000e+03
8.733732000000000000e+06,1.108000000000000000e+03
8.734664000000000000e+06,1.086000000000000000e+03
8.735600000000000000e+06,1.103000000000000000e+03
8.736536000000000000e+06,1.091000000000000000e+03
8.737472000000000000e+06,1.066000000000000000e+03
8.738404000000000000e+06,1.029000000000000000e+03
8.739340000000000000e+06,1.068000000000000000e+03
8.740276000000000000e+06,1.065000000000000000e+03
8.741212000000000000e+06,1.039000000000000000e+03
8.742144000000000000e+06,1.013000000000000000e+03
8.743080000000000000e+06,1.041000000000000000e+03
8.744016000000000000e+06,1.003000000000000000e+03
8.744952000000000000e+06,1.035000000000000000e+03
8.745884000000000000e+06,1.032000000000000000e+03
8.746820000000000000e+06,1.057000000000000000e+03
8.747756000000000000e+06,1.032000000000000000e+03
8.748692000000000000e+06,1.061000000000000000e+03
8.749624000000000000e+06,1.075000000000000000e+03
8.750560000000000000e+06,1.063000000000000000e+03
8.751496000000000000e+06,1.061000000000000000e+03
8.752432000000000000e+06,1.075000000000000000e+03
8.753364000000000000e+06,1.111000000000000000e+03
8.754300000000000000e+06,1.072000000000000000e+03
8.755236000000000000e+06,1.070000000000000000e+03
8.756172000000000000e+06,1.050000000000000000e+03
8.757104000000000000e+06,1.047000000000000000e+03
8.758040000000000000e+06,1.061000000000000000e+03
8.758976000000000000e+06,1.040000000000000000e+03
8.759912000000000000e+06,1.037000000000000000e+03
8.760844000000000000e+06,1.073000000000000000e+03
8.761780000000000000e+06,1.057000000000000000e+03
8.762716000000000000e+06,1.055000000000000000e+03
8.763652000000000000e+06,1.021000000000000000e+03
8.764584000000000000e+06,1.020000000000000000e+03
8.765520000000000000e+06,1.049000000000000000e+03
8.766456000000000000e+06,1.029000000000000000e+03
8.767392000000000000e+06,1.077000000000000000e+03
8.768324000000000000e+06,1.043000000000000000e+03
8.769260000000000000e+06,1.061000000000000000e+03
8.770196000000000000e+06,1.097000000000000000e+03
8.771132000000000000e+06,1.055000000000000000e+03
8.772064000000000000e+06,1.063000000000000000e+03
8.773000000000000000e+06,1.026000000000000000e+03
8.773936000000000000e+06,1.077000000000000000e+03
8.774872000000000000e+06,1.060000000000000000e+03
8.775804000000000000e+06,1.064000000000000000e+03
8.776740000000000000e+06,1.092000000000000000e+03
8.777676000000000000e+06,1.060000000000000000e+03
8.778612000000000000e+06,1.054000000000000000e+03
8.779544000000000000e+06,1.045000000000000000e+03
8.780480000000000000e+06,1.075000000000000000e+03
8.781416000000000000e+06,1.052000000000000000e+03
8.782352000000000000e+06,1.109000000000000000e+03
8.783284000000000000e+06,1.056000000000000000e+03
8.784220000000000000e+06,1.076000000000000000e+03
8.785156000000000000e+06,1.024000000000000000e+03
8.786092000000000000e+06,1.037000000000000000e+03
8.787024000000000000e+06,1.059000000000000000e+03
8.787960000000000000e+06,1.066000000000000000e+03
8.788896000000000000e+06,1.054000000000000000e+03
8.789832000000000000e+06,1.050000000000000000e+03
8.790764000000000000e+06,1.030000000000000000e+03
8.791700000000000000e+06,9.860000000000000000e+02
8.792636000000000000e+06,1.005000000000000000e+03
8.793572000000000000e+06,1.079000000000000000e+03
8.794504000000000000e+06,9.940000000000000000e+02
8.795440000000000000e+06,1.015000000000000000e+03
8.796376000000000000e+06,1.048000000000000000e+03
8.797312000000000000e+06,1.025000000000000000e+03
8.798244000000000000e+06,1.026000000000000000e+03
8.799180000000000000e+06,1.059000000000000000e+03
8.800116000000000000e+06,1.072000000000000000e+03
8.801052000000000000e+06,1.064000000000000000e+03
8.801984000000000000e+06,1.031000000000000000e+03
8.802920000000000000e+06,1.099000000000000000e+03
8.803856000000000000e+06,1.051000000000000000e+03
8.804792000000000000e+06,1.060000000000000000e+03
8.805724000000000000e+06,1.065000000000000000e+03
8.806660000000000000e+06,1.033000000000000000e+03
8.807596000000000000e+06,1.067000000000000000e+03
8.808532000000000000e+06,1.048000000000000000e+03
8.809464000000000000e+06,1.041000000000000000e+03
8.810400000000000000e+06,1.070000000000000000e+03
8.811336000000000000e+06,1.067000000000000000e+03
8.812272000000000000e+06,1.034000000000000000e+03
8.813204000000000000e+06,1.069000000000000000e+03
8.814140000000000000e+06,1.063000000000000000e+03
8.815076000000000000e+06,1.009000000000000000e+03
8.816012000000000000e+06,1.045000000000000000e+03
8.816944000000000000e+06,1.046000000000000000e+03
8.817880000000000000e+06,1.043000000000000000e+03
8.818816000000000000e+06,1.060000000000000000e+03
8.819752000000000000e+06,1.053000000000000000e+03
8.820684000000000000e+06,1.070000000000000000e+03
8.821620000000000000e+06,1.082000000000000000e+03
8.822556000000000000e+06,1.054000000000000000e+03
8.823492000000000000e+06,1.033000000000000000e+03
8.824424000000000000e+06,1.070000000000000000e+03
8.825360000000000000e+06,1.056000000000000000e+03
8.826296000000000000e+06,1.047000000000000000e+03
8.827232000000000000e+06,1.072000000000000000e+03
8.828164000000000000e+06,1.060000000000000000e+03
8.829100000000000000e+06,1.062000000000000000e+03
8.830036000000000000e+06,1.082000000000000000e+03
8.830972000000000000e+06,1.085000000000000000e+03
8.831904000000000000e+06,1.090000000000000000e+03
8.832840000000000000e+06,1.029000000000000000e+03
8.833776000000000000e+06,1.102000000000000000e+03
8.834712000000000000e+06,1.096000000000000000e+03
8.835644000000000000e+06,1.087000000000000000e+03
8.836580000000000000e+06,1.057000000000000000e+03
8.837516000000000000e+06,1.032000000000000000e+03
8.838452000000000000e+06,1.025000000000000000e+03
8.839384000000000000e+06,1.033000000000000000e+03
8.840320000000000000e+06,1.055000000000000000e+03
8.841256000000000000e+06,1.035000000000000000e+03
8.842192000000000000e+06,1.006000000000000000e+03
8.843124000000000000e+06,1.036000000000000000e+03
8.844060000000000000e+06,1.035000000000000000e+03
8.844996000000000000e+06,1.040000000000000000e+03
8.845932000000000000e+06,1.040000000000000000e+03
8.846864000000000000e+06,1.063000000000000000e+03
8.847800000000000000e+06,1.044000000000000000e+03
8.848736000000000000e+06,1.055000000000000000e+03
8.849672000000000000e+06,1.074000000000000000e+03
8.850604000000000000e+06,1.070000000000000000e+03
8.851540000000000000e+06,1.044000000000000000e+03
8.852476000000000000e+06,1.043000000000000000e+03
8.853412000000000000e+06,1.047000000000000000e+03
8.854344000000000000e+06,1.043000000000000000e+03
8.855280000000000000e+06,1.048000000000000000e+03
8.856216000000000000e+06,1.021000000000000000e+03
8.857152000000000000e+06,1.045000000000000000e+03
8.858084000000000000e+06,1.058000000000000000e+03
8.859020000000000000e+06,1.050000000000000000e+03
8.859956000000000000e+06,1.033000000000000000e+03
8.860892000000000000e+06,1.031000000000000000e+03
8.861824000000000000e+06,1.051000000000000000e+03
8.862760000000000000e+06,1.018000000000000000e+03
8.863696000000000000e+06,1.078000000000000000e+03
8.864632000000000000e+06,1.078000000000000000e+03
8.865564000000000000e+06,1.060000000000000000e+03
8.866500000000000000e+06,1.055000000000000000e+03
8.867436000000000000e+06,1.053000000000000000e+03
8.868372000000000000e+06,1.025000000000000000e+03
8.869304000000000000e+06,1.021000000000000000e+03
8.870240000000000000e+06,1.049000000000000000e+03
8.871176000000000000e+06,1.069000000000000000e+03
8.872112000000000000e+06,1.027000000000000000e+03
8.873044000000000000e+06,1.093000000000000000e+03
8.873980000000000000e+06,1.087000000000000000e+03
8.874916000000000000e+06,1.081000000000000000e+03
8.875852000000000000e+06,1.041000000000000000e+03
8.876784000000000000e+06,1.045000000000000000e+03
8.877720000000000000e+06,1.029000000000000000e+03
8.878656000000000000e+06,1.038000000000000000e+03
8.879592000000000000e+06,1.045000000000000000e+03
8.880524000000000000e+06,1.076000000000000000e+03
8.881460000000000000e+06,1.074000000000000000e+03
8.882396000000000000e+06,1.023000000000000000e+03
8.883332000000000000e+06,1.092000000000000000e+03
8.884264000000000000e+06,1.043000000000000000e+03
8.885200000000000000e+06,1.037000000000000000e+03
8.886136000000000000e+06,1.058000000000000000e+03
8.887072000000000000e+06,1.036000000000000000e+03
8.888004000000000000e+06,1.031000000000000000e+03
8.888940000000000000e+06,1.049000000000000000e+03
8.889876000000000000e+06,1.056000000000000000e+03
8.890812000000000000e+06,1.073000000000000000e+03
8.891744000000000000e+06,1.078000000000000000e+03
8.892680000000000000e+06,1.043000000000000000e+03
8.893616000000000000e+06,1.034000000000000000e+03
8.894552000000000000e+06,1.073000000000000000e+03
8.895484000000000000e+06,1.084000000000000000e+03
8.896420000000000000e+06,1.059000000000000000e+03
8.897356000000000000e+06,1.057000000000000000e+03
8.898292000000000000e+06,1.078000000000000000e+03
8.899224000000000000e+06,1.063000000000000000e+03
8.900160000000000000e+06,1.031000000000000000e+03
8.901096000000000000e+06,1.079000000000000000e+03
8.902032000000000000e+06,1.058000000000000000e+03
8.902964000000000000e+06,1.050000000000000000e+03
8.903900000000000000e+06,1.060000000000000000e+03
8.904836000000000000e+06,1.033000000000000000e+03
8.905772000000000000e+06,1.027000000000000000e+03
8.906704000000000000e+06,1.059000000000000000e+03
8.907640000000000000e+06,1.046000000000000000e+03
8.908576000000000000e+06,1.047000000000000000e+03
8.909512000000000000e+06,1.040000000000000000e+03
8.910444000000000000e+06,1.050000000000000000e+03
8.911380000000000000e+06,1.030000000000000000e+03
8.912316000000000000e+06,1.077000000000000000e+03
8.913252000000000000e+06,1.078000000000000000e+03
8.914184000000000000e+06,1.027000000000000000e+03
8.915120000000000000e+06,1.062000000000000000e+03
8.916056000000000000e+06,1.040000000000000000e+03
8.916996000000000000e+06,1.034000000000000000e+03
8.917924000000000000e+06,1.066000000000000000e+03
8.918860000000000000e+06,1.064000000000000000e+03
8.919796000000000000e+06,1.067000000000000000e+03
8.920732000000000000e+06,1.063000000000000000e+03
8.921664000000000000e+06,1.071000000000000000e+03
8.922600000000000000e+06,1.055000000000000000e+03
8.923536000000000000e+06,1.075000000000000000e+03
8.924472000000000000e+06,1.074000000000000000e+03
8.925404000000000000e+06,1.062000000000000000e+03
8.926340000000000000e+06,1.057000000000000000e+03
8.927276000000000000e+06,1.047000000000000000e+03
8.928212000000000000e+06,1.038000000000000000e+03
8.929144000000000000e+06,1.029000000000000000e+03
8.930080000000000000e+06,1.033000000000000000e+03
8.931016000000000000e+06,1.039000000000000000e+03
8.931952000000000000e+06,1.038000000000000000e+03
8.932884000000000000e+06,1.040000000000000000e+03
8.933820000000000000e+06,1.075000000000000000e+03
8.934756000000000000e+06,1.034000000000000000e+03
8.935692000000000000e+06,1.064000000000000000e+03
8.936624000000000000e+06,1.045000000000000000e+03
8.937560000000000000e+06,1.036000000000000000e+03
8.938500000000000000e+06,1.059000000000000000e+03
8.939432000000000000e+06,1.057000000000000000e+03
8.940364000000000000e+06,1.038000000000000000e+03
8.941300000000000000e+06,1.059000000000000000e+03
8.942236000000000000e+06,1.083000000000000000e+03
8.943172000000000000e+06,1.064000000000000000e+03
8.944104000000000000e+06,1.081000000000000000e+03
8.945040000000000000e+06,1.060000000000000000e+03
8.945976000000000000e+06,1.042000000000000000e+03
8.946912000000000000e+06,1.074000000000000000e+03
8.947844000000000000e+06,1.028000000000000000e+03
8.948780000000000000e+06,1.059000000000000000e+03
8.949716000000000000e+06,1.060000000000000000e+03
8.950652000000000000e+06,1.034000000000000000e+03
8.951584000000000000e+06,1.066000000000000000e+03
8.952520000000000000e+06,1.047000000000000000e+03
8.953456000000000000e+06,1.030000000000000000e+03
8.954392000000000000e+06,1.071000000000000000e+03
8.955324000000000000e+06,1.070000000000000000e+03
8.956260000000000000e+06,1.066000000000000000e+03
8.957196000000000000e+06,1.068000000000000000e+03
8.958132000000000000e+06,1.055000000000000000e+03
8.959064000000000000e+06,1.059000000000000000e+03
8.960008000000000000e+06,1.046000000000000000e+03
8.960936000000000000e+06,1.077000000000000000e+03
8.961872000000000000e+06,1.064000000000000000e+03
8.962804000000000000e+06,1.073000000000000000e+03
8.963740000000000000e+06,1.069000000000000000e+03
8.964676000000000000e+06,1.057000000000000000e+03
8.965612000000000000e+06,1.061000000000000000e+03
8.966544000000000000e+06,1.044000000000000000e+03
8.967480000000000000e+06,1.041000000000000000e+03
8.968416000000000000e+06,1.034000000000000000e+03
8.969352000000000000e+06,1.031000000000000000e+03
8.970284000000000000e+06,1.031000000000000000e+03
8.971220000000000000e+06,1.034000000000000000e+03
8.972156000000000000e+06,1.084000000000000000e+03
8.973092000000000000e+06,1.074000000000000000e+03
8.974024000000000000e+06,1.030000000000000000e+03
8.974960000000000000e+06,1.021000000000000000e+03
8.975896000000000000e+06,1.048000000000000000e+03
8.976832000000000000e+06,1.048000000000000000e+03
8.977764000000000000e+06,1.074000000000000000e+03
8.978700000000000000e+06,1.036000000000000000e+03
8.979636000000000000e+06,1.061000000000000000e+03
8.980572000000000000e+06,1.073000000000000000e+03
8.981512000000000000e+06,1.034000000000000000e+03
8.982440000000000000e+06,1.075000000000000000e+03
8.983376000000000000e+06,1.096000000000000000e+03
8.984312000000000000e+06,1.048000000000000000e+03
8.985244000000000000e+06,1.062000000000000000e+03
8.986180000000000000e+06,1.083000000000000000e+03
8.987116000000000000e+06,1.063000000000000000e+03
8.988052000000000000e+06,1.043000000000000000e+03
8.988984000000000000e+06,1.056000000000000000e+03
8.989920000000000000e+06,1.068000000000000000e+03
8.990856000000000000e+06,1.044000000000000000e+03
8.991792000000000000e+06,1.031000000000000000e+03
8.992724000000000000e+06,1.060000000000000000e+03
8.993660000000000000e+06,1.033000000000000000e+03
8.994596000000000000e+06,1.029000000000000000e+03
8.995532000000000000e+06,1.040000000000000000e+03
8.996464000000000000e+06,1.036000000000000000e+03
8.997400000000000000e+06,1.043000000000000000e+03
8.998336000000000000e+06,1.037000000000000000e+03
8.999272000000000000e+06,1.049000000000000000e+03
9.000204000000000000e+06,1.032000000000000000e+03
9.001140000000000000e+06,1.068000000000000000e+03
9.002076000000000000e+06,1.080000000000000000e+03
9.003016000000000000e+06,1.091000000000000000e+03
9.003944000000000000e+06,1.050000000000000000e+03
9.004880000000000000e+06,1.083000000000000000e+03
9.005816000000000000e+06,1.068000000000000000e+03
9.006752000000000000e+06,1.068000000000000000e+03
9.007684000000000000e+06,1.079000000000000000e+03
9.008620000000000000e+06,1.080000000000000000e+03
9.009556000000000000e+06,1.082000000000000000e+03
9.010492000000000000e+06,1.083000000000000000e+03
9.011424000000000000e+06,1.030000000000000000e+03
9.012360000000000000e+06,1.037000000000000000e+03
9.013296000000000000e+06,1.081000000000000000e+03
9.014232000000000000e+06,1.099000000000000000e+03
9.015164000000000000e+06,1.021000000000000000e+03
9.016100000000000000e+06,1.066000000000000000e+03
9.017036000000000000e+06,1.035000000000000000e+03
9.017972000000000000e+06,1.072000000000000000e+03
9.018904000000000000e+06,1.052000000000000000e+03
9.019840000000000000e+06,1.037000000000000000e+03
9.020776000000000000e+06,1.028000000000000000e+03
9.021712000000000000e+06,1.071000000000000000e+03
9.022644000000000000e+06,1.020000000000000000e+03
9.023580000000000000e+06,1.068000000000000000e+03
9.024520000000000000e+06,1.071000000000000000e+03
9.025452000000000000e+06,1.030000000000000000e+03
9.026384000000000000e+06,1.040000000000000000e+03
9.027320000000000000e+06,1.033000000000000000e+03
9.028256000000000000e+06,1.035000000000000000e+03
9.029192000000000000e+06,1.033000000000000000e+03
9.030124000000000000e+06,1.065000000000000000e+03
9.031060000000000000e+06,1.074000000000000000e+03
9.031996000000000000e+06,1.067000000000000000e+03
9.032932000000000000e+06,1.027000000000000000e+03
9.033864000000000000e+06,1.049000000000000000e+03
9.034800000000000000e+06,1.030000000000000000e+03
9.035736000000000000e+06,1.048000000000000000e+03
9.036672000000000000e+06,1.074000000000000000e+03
9.037604000000000000e+06,1.071000000000000000e+03
9.038540000000000000e+06,1.042000000000000000e+03
9.039476000000000000e+06,1.035000000000000000e+03
9.040412000000000000e+06,1.039000000000000000e+03
9.041344000000000000e+06,1.032000000000000000e+03
9.042280000000000000e+06,1.078000000000000000e+03
9.043216000000000000e+06,1.038000000000000000e+03
9.044152000000000000e+06,1.053000000000000000e+03
9.045084000000000000e+06,1.037000000000000000e+03
9.046028000000000000e+06,1.039000000000000000e+03
9.046956000000000000e+06,1.059000000000000000e+03
9.047892000000000000e+06,1.030000000000000000e+03
9.048824000000000000e+06,1.079000000000000000e+03
9.049760000000000000e+06,1.079000000000000000e+03
9.050696000000000000e+06,1.080000000000000000e+03
9.051632000000000000e+06,1.081000000000000000e+03
9.052564000000000000e+06,1.078000000000000000e+03
9.053500000000000000e+06,1.015000000000000000e+03
9.054436000000000000e+06,1.023000000000000000e+03
9.055372000000000000e+06,1.039000000000000000e+03
9.056304000000000000e+06,1.066000000000000000e+03
9.057240000000000000e+06,1.075000000000000000e+03
9.058176000000000000e+06,1.073000000000000000e+03
9.059112000000000000e+06,1.046000000000000000e+03
9.060044000000000000e+06,1.031000000000000000e+03
9.060980000000000000e+06,1.033000000000000000e+03
9.061916000000000000e+06,1.049000000000000000e+03
9.062852000000000000e+06,1.020000000000000000e+03
9.063784000000000000e+06,1.072000000000000000e+03
9.064720000000000000e+06,1.041000000000000000e+03
9.065656000000000000e+06,1.058000000000000000e+03
9.066592000000000000e+06,1.035000000000000000e+03
9.067532000000000000e+06,1.062000000000000000e+03
9.068460000000000000e+06,1.050000000000000000e+03
9.069396000000000000e+06,1.082000000000000000e+03
9.070332000000000000e+06,1.077000000000000000e+03
9.071264000000000000e+06,1.082000000000000000e+03
9.072200000000000000e+06,1.056000000000000000e+03
9.073136000000000000e+06,1.041000000000000000e+03
9.074072000000000000e+06,1.059000000000000000e+03
9.075004000000000000e+06,1.054000000000000000e+03
9.075940000000000000e+06,1.047000000000000000e+03
9.076876000000000000e+06,1.039000000000000000e+03
9.077812000000000000e+06,1.078000000000000000e+03
9.078744000000000000e+06,1.059000000000000000e+03
9.079680000000000000e+06,1.047000000000000000e+03
9.080616000000000000e+06,1.047000000000000000e+03
9.081552000000000000e+06,1.070000000000000000e+03
9.082484000000000000e+06,1.080000000000000000e+03
9.083420000000000000e+06,1.031000000000000000e+03
9.084356000000000000e+06,1.079000000000000000e+03
9.085292000000000000e+06,1.086000000000000000e+03
9.086224000000000000e+06,1.043000000000000000e+03
9.087160000000000000e+06,1.084000000000000000e+03
9.088096000000000000e+06,1.037000000000000000e+03
9.089036000000000000e+06,1.078000000000000000e+03
9.089964000000000000e+06,1.036000000000000000e+03
9.090900000000000000e+06,1.038000000000000000e+03
9.091836000000000000e+06,1.040000000000000000e+03
9.092772000000000000e+06,1.114000000000000000e+03
9.093704000000000000e+06,1.091000000000000000e+03
9.094640000000000000e+06,1.039000000000000000e+03
9.095576000000000000e+06,1.049000000000000000e+03
9.096512000000000000e+06,1.050000000000000000e+03
9.097444000000000000e+06,1.037000000000000000e+03
9.098380000000000000e+06,1.067000000000000000e+03
9.099316000000000000e+06,1.080000000000000000e+03
9.100252000000000000e+06,1.056000000000000000e+03
9.101184000000000000e+06,1.052000000000000000e+03
9.102120000000000000e+06,1.092000000000000000e+03
9.103056000000000000e+06,1.035000000000000000e+03
9.103992000000000000e+06,1.067000000000000000e+03
9.104924000000000000e+06,1.038000000000000000e+03
9.105860000000000000e+06,1.058000000000000000e+03
9.106796000000000000e+06,1.046000000000000000e+03
9.107732000000000000e+06,1.039000000000000000e+03
9.108664000000000000e+06,1.057000000000000000e+03
9.109600000000000000e+06,1.062000000000000000e+03
9.110544000000000000e+06,1.039000000000000000e+03
9.111472000000000000e+06,1.086000000000000000e+03
9.112404000000000000e+06,1.062000000000000000e+03
9.113340000000000000e+06,1.037000000000000000e+03
9.114276000000000000e+06,1.082000000000000000e+03
9.115212000000000000e+06,1.065000000000000000e+03
9.116144000000000000e+06,1.070000000000000000e+03
9.117080000000000000e+06,1.051000000000000000e+03
9.118016000000000000e+06,1.044000000000000000e+03
9.118952000000000000e+06,1.067000000000000000e+03
9.119884000000000000e+06,1.037000000000000000e+03
9.120820000000000000e+06,1.044000000000000000e+03
9.121756000000000000e+06,1.057000000000000000e+03
9.122692000000000000e+06,1.064000000000000000e+03
9.123624000000000000e+06,1.023000000000000000e+03
9.124560000000000000e+06,1.024000000000000000e+03
9.125496000000000000e+06,1.050000000000000000e+03
9.126432000000000000e+06,1.052000000000000000e+03
9.127364000000000000e+06,1.067000000000000000e+03
9.128300000000000000e+06,1.088000000000000000e+03
9.129236000000000000e+06,1.064000000000000000e+03
9.130172000000000000e+06,1.044000000000000000e+03
9.131104000000000000e+06,1.068000000000000000e+03
9.132048000000000000e+06,1.064000000000000000e+03
9.132976000000000000e+06,1.098000000000000000e+03
9.133912000000000000e+06,1.073000000000000000e+03
9.134844000000000000e+06,1.075000000000000000e+03
9.135780000000000000e+06,1.085000000000000000e+03
9.136716000000000000e+06,1.065000000000000000e+03
9.137652000000000000e+06,1.059000000000000000e+03
9.138584000000000000e+06,1.066000000000000000e+03
9.139520000000000000e+06,1.060000000000000000e+03
9.140456000000000000e+06,1.072000000000000000e+03
9.141392000000000000e+06,1.058000000000000000e+03
9.142324000000000000e+06,1.073000000000000000e+03
9.143260000000000000e+06,1.060000000000000000e+03
9.144196000000000000e+06,1.083000000000000000e+03
9.145132000000000000e+06,1.053000000000000000e+03
9.146064000000000000e+06,1.074000000000000000e+03
9.147000000000000000e+06,1.042000000000000000e+03
9.147936000000000000e+06,1.060000000000000000e+03
9.148872000000000000e+06,1.064000000000000000e+03
9.149804000000000000e+06,1.082000000000000000e+03
9.150740000000000000e+06,1.043000000000000000e+03
9.151676000000000000e+06,1.037000000000000000e+03
9.152612000000000000e+06,1.039000000000000000e+03
9.153552000000000000e+06,1.067000000000000000e+03
9.154480000000000000e+06,1.029000000000000000e+03
9.155416000000000000e+06,1.052000000000000000e+03
9.156352000000000000e+06,1.038000000000000000e+03
9.157284000000000000e+06,1.070000000000000000e+03
9.158220000000000000e+06,1.067000000000000000e+03
9.159156000000000000e+06,1.051000000000000000e+03
9.160092000000000000e+06,1.035000000000000000e+03
9.161024000000000000e+06,1.064000000000000000e+03
9.161960000000000000e+06,1.092000000000000000e+03
9.162896000000000000e+06,1.087000000000000000e+03
9.163832000000000000e+06,1.092000000000000000e+03
9.164764000000000000e+06,1.056000000000000000e+03
9.165700000000000000e+06,1.046000000000000000e+03
9.166636000000000000e+06,1.062000000000000000e+03
9.167572000000000000e+06,1.037000000000000000e+03
9.168504000000000000e+06,1.076000000000000000e+03
9.169440000000000000e+06,1.045000000000000000e+03
9.170376000000000000e+06,1.084000000000000000e+03
9.171312000000000000e+06,1.076000000000000000e+03
9.172244000000000000e+06,1.074000000000000000e+03
9.173180000000000000e+06,1.097000000000000000e+03
9.174116000000000000e+06,1.057000000000000000e+03
9.175056000000000000e+06,1.065000000000000000e+03
9.175984000000000000e+06,1.083000000000000000e+03
9.176920000000000000e+06,1.066000000000000000e+03
9.177856000000000000e+06,1.041000000000000000e+03
9.178792000000000000e+06,1.054000000000000000e+03
9.179724000000000000e+06,1.088000000000000000e+03
9.180660000000000000e+06,1.045000000000000000e+03
9.181596000000000000e+06,1.068000000000000000e+03
9.182532000000000000e+06,1.065000000000000000e+03
9.183464000000000000e+06,1.045000000000000000e+03
9.184400000000000000e+06,1.053000000000000000e+03
9.185336000000000000e+06,1.053000000000000000e+03
9.186272000000000000e+06,1.074000000000000000e+03
9.187204000000000000e+06,1.084000000000000000e+03
9.188140000000000000e+06,1.062000000000000000e+03
9.189076000000000000e+06,1.044000000000000000e+03
9.190012000000000000e+06,1.075000000000000000e+03
9.190944000000000000e+06,1.083000000000000000e+03
9.191880000000000000e+06,1.052000000000000000e+03
9.192816000000000000e+06,1.047000000000000000e+03
9.193752000000000000e+06,1.082000000000000000e+03
9.194684000000000000e+06,1.081000000000000000e+03
9.195620000000000000e+06,1.056000000000000000e+03
9.196560000000000000e+06,1.066000000000000000e+03
9.197492000000000000e+06,1.068000000000000000e+03
9.198424000000000000e+06,1.039000000000000000e+03
9.199360000000000000e+06,1.063000000000000000e+03
9.200296000000000000e+06,1.066000000000000000e+03
9.201232000000000000e+06,1.037000000000000000e+03
9.202164000000000000e+06,1.053000000000000000e+03
9.203100000000000000e+06,1.017000000000000000e+03
9.204036000000000000e+06,1.032000000000000000e+03
9.204972000000000000e+06,1.038000000000000000e+03
9.205904000000000000e+06,1.085000000000000000e+03
9.206840000000000000e+06,1.059000000000000000e+03
9.207776000000000000e+06,1.062000000000000000e+03
9.208712000000000000e+06,1.042000000000000000e+03
9.209644000000000000e+06,1.073000000000000000e+03
9.210580000000000000e+06,1.087000000000000000e+03
9.211516000000000000e+06,1.055000000000000000e+03
9.212452000000000000e+06,1.060000000000000000e+03
9.213384000000000000e+06,1.092000000000000000e+03
9.214320000000000000e+06,1.065000000000000000e+03
9.215256000000000000e+06,1.077000000000000000e+03
9.216192000000000000e+06,1.061000000000000000e+03
9.217124000000000000e+06,1.063000000000000000e+03
9.218068000000000000e+06,1.079000000000000000e+03
9.218996000000000000e+06,1.070000000000000000e+03
9.219932000000000000e+06,1.034000000000000000e+03
9.220864000000000000e+06,1.056000000000000000e+03
9.221800000000000000e+06,1.071000000000000000e+03
9.222736000000000000e+06,1.048000000000000000e+03
9.223672000000000000e+06,1.037000000000000000e+03
9.224604000000000000e+06,1.026000000000000000e+03
9.225540000000000000e+06,1.057000000000000000e+03
9.226476000000000000e+06,1.065000000000000000e+03
9.227412000000000000e+06,1.068000000000000000e+03
9.228344000000000000e+06,1.044000000000000000e+03
9.229280000000000000e+06,1.052000000000000000e+03
9.230216000000000000e+06,1.037000000000000000e+03
9.231152000000000000e+06,1.064000000000000000e+03
9.232084000000000000e+06,1.083000000000000000e+03
9.233020000000000000e+06,1.037000000000000000e+03
9.233956000000000000e+06,1.096000000000000000e+03
9.234892000000000000e+06,1.073000000000000000e+03
9.235824000000000000e+06,1.067000000000000000e+03
9.236760000000000000e+06,1.036000000000000000e+03
9.237696000000000000e+06,1.057000000000000000e+03
9.238632000000000000e+06,1.065000000000000000e+03
9.239572000000000000e+06,1.049000000000000000e+03
9.240500000000000000e+06,1.065000000000000000e+03
9.241436000000000000e+06,1.074000000000000000e+03
9.242372000000000000e+06,1.063000000000000000e+03
9.244240000000000000e+06,1.035000000000000000e+03
9.245176000000000000e+06,1.072000000000000000e+03
9.246112000000000000e+06,1.081000000000000000e+03
9.247044000000000000e+06,1.056000000000000000e+03
9.247980000000000000e+06,1.044000000000000000e+03
9.248916000000000000e+06,1.067000000000000000e+03
9.249852000000000000e+06,1.072000000000000000e+03
9.250784000000000000e+06,1.073000000000000000e+03
9.251720000000000000e+06,1.078000000000000000e+03
9.252656000000000000e+06,1.097000000000000000e+03
9.253592000000000000e+06,1.078000000000000000e+03
9.254524000000000000e+06,1.035000000000000000e+03
9.255460000000000000e+06,1.079000000000000000e+03
9.256396000000000000e+06,1.038000000000000000e+03
9.257332000000000000e+06,1.047000000000000000e+03
9.258264000000000000e+06,1.074000000000000000e+03
9.259200000000000000e+06,1.055000000000000000e+03
9.260136000000000000e+06,1.036000000000000000e+03
9.261076000000000000e+06,1.040000000000000000e+03
9.262004000000000000e+06,1.068000000000000000e+03
9.262940000000000000e+06,1.072000000000000000e+03
9.263876000000000000e+06,1.088000000000000000e+03
9.264812000000000000e+06,1.065000000000000000e+03
9.265744000000000000e+06,1.079000000000000000e+03
9.266680000000000000e+06,1.052000000000000000e+03
9.267616000000000000e+06,1.055000000000000000e+03
9.268552000000000000e+06,1.070000000000000000e+03
9.269484000000000000e+06,1.036000000000000000e+03
9.270420000000000000e+06,1.082000000000000000e+03
9.271356000000000000e+06,1.045000000000000000e+03
9.272292000000000000e+06,1.063000000000000000e+03
9.273224000000000000e+06,1.021000000000000000e+03
9.274160000000000000e+06,1.087000000000000000e+03
9.275096000000000000e+06,1.055000000000000000e+03
9.276032000000000000e+06,1.057000000000000000e+03
9.276964000000000000e+06,1.067000000000000000e+03
9.277900000000000000e+06,1.079000000000000000e+03
9.278836000000000000e+06,1.062000000000000000e+03
9.279772000000000000e+06,1.037000000000000000e+03
9.280704000000000000e+06,1.061000000000000000e+03
9.281640000000000000e+06,1.086000000000000000e+03
9.282580000000000000e+06,1.015000000000000000e+03
9.283512000000000000e+06,1.043000000000000000e+03
9.284444000000000000e+06,1.050000000000000000e+03
9.285380000000000000e+06,1.070000000000000000e+03
9.286316000000000000e+06,1.059000000000000000e+03
9.287252000000000000e+06,1.060000000000000000e+03
9.288184000000000000e+06,1.074000000000000000e+03
9.289120000000000000e+06,1.085000000000000000e+03
9.290056000000000000e+06,1.060000000000000000e+03
9.290992000000000000e+06,1.039000000000000000e+03
9.291924000000000000e+06,1.078000000000000000e+03
9.292860000000000000e+06,1.094000000000000000e+03
9.293796000000000000e+06,1.040000000000000000e+03
9.294732000000000000e+06,1.055000000000000000e+03
9.295664000000000000e+06,1.039000000000000000e+03
9.296600000000000000e+06,1.059000000000000000e+03
9.297536000000000000e+06,1.046000000000000000e+03
9.298472000000000000e+06,1.050000000000000000e+03
9.299404000000000000e+06,1.046000000000000000e+03
9.300340000000000000e+06,1.053000000000000000e+03
9.301276000000000000e+06,1.074000000000000000e+03
9.302212000000000000e+06,1.086000000000000000e+03
9.303144000000000000e+06,1.016000000000000000e+03
9.304084000000000000e+06,1.047000000000000000e+03
9.305016000000000000e+06,1.093000000000000000e+03
9.305952000000000000e+06,1.037000000000000000e+03
9.306884000000000000e+06,1.051000000000000000e+03
9.307820000000000000e+06,1.076000000000000000e+03
9.309692000000000000e+06,1.049000000000000000e+03
9.310624000000000000e+06,1.074000000000000000e+03
9.311560000000000000e+06,1.061000000000000000e+03
9.312496000000000000e+06,1.119000000000000000e+03
9.313432000000000000e+06,1.025000000000000000e+03
9.314364000000000000e+06,1.018000000000000000e+03
9.315300000000000000e+06,1.053000000000000000e+03
9.316236000000000000e+06,1.037000000000000000e+03
9.317172000000000000e+06,1.055000000000000000e+03
9.318104000000000000e+06,1.042000000000000000e+03
9.319040000000000000e+06,1.069000000000000000e+03
9.319976000000000000e+06,1.045000000000000000e+03
9.320912000000000000e+06,1.060000000000000000e+03
9.321844000000000000e+06,1.034000000000000000e+03
9.322780000000000000e+06,1.096000000000000000e+03
9.323716000000000000e+06,1.053000000000000000e+03
9.324652000000000000e+06,1.067000000000000000e+03
9.325588000000000000e+06,1.060000000000000000e+03
9.326520000000000000e+06,1.082000000000000000e+03
9.327456000000000000e+06,1.060000000000000000e+03
9.328392000000000000e+06,1.056000000000000000e+03
9.329324000000000000e+06,1.087000000000000000e+03
9.330260000000000000e+06,1.062000000000000000e+03
9.331196000000000000e+06,1.044000000000000000e+03
9.332132000000000000e+06,1.064000000000000000e+03
9.333064000000000000e+06,1.095000000000000000e+03
9.334000000000000000e+06,1.029000000000000000e+03
9.334936000000000000e+06,1.027000000000000000e+03
9.335872000000000000e+06,1.042000000000000000e+03
9.336804000000000000e+06,1.054000000000000000e+03
9.337740000000000000e+06,1.055000000000000000e+03
9.338676000000000000e+06,1.057000000000000000e+03
9.339612000000000000e+06,1.051000000000000000e+03
9.340544000000000000e+06,1.070000000000000000e+03
9.341480000000000000e+06,1.039000000000000000e+03
9.342416000000000000e+06,1.069000000000000000e+03
9.343352000000000000e+06,1.035000000000000000e+03
9.344284000000000000e+06,1.076000000000000000e+03
9.345220000000000000e+06,1.064000000000000000e+03
9.346156000000000000e+06,1.035000000000000000e+03
9.347092000000000000e+06,1.039000000000000000e+03
9.348024000000000000e+06,1.084000000000000000e+03
9.348960000000000000e+06,1.066000000000000000e+03
9.349896000000000000e+06,1.069000000000000000e+03
9.350832000000000000e+06,1.065000000000000000e+03
9.351764000000000000e+06,1.032000000000000000e+03
9.352700000000000000e+06,1.072000000000000000e+03
9.353636000000000000e+06,1.089000000000000000e+03
9.354572000000000000e+06,1.035000000000000000e+03
9.355504000000000000e+06,1.056000000000000000e+03
9.356440000000000000e+06,1.039000000000000000e+03
9.357376000000000000e+06,1.069000000000000000e+03
9.358312000000000000e+06,1.064000000000000000e+03
9.359244000000000000e+06,1.086000000000000000e+03
9.360180000000000000e+06,1.041000000000000000e+03
9.361116000000000000e+06,1.086000000000000000e+03
9.362052000000000000e+06,1.079000000000000000e+03
9.362984000000000000e+06,1.070000000000000000e+03
9.363920000000000000e+06,1.038000000000000000e+03
9.364856000000000000e+06,1.065000000000000000e+03
9.365792000000000000e+06,1.057000000000000000e+03
9.366724000000000000e+06,1.058000000000000000e+03
9.367660000000000000e+06,1.050000000000000000e+03
9.368596000000000000e+06,1.063000000000000000e+03
9.369532000000000000e+06,1.043000000000000000e+03
9.370464000000000000e+06,1.075000000000000000e+03
9.371400000000000000e+06,1.076000000000000000e+03
9.372336000000000000e+06,1.083000000000000000e+03
9.373272000000000000e+06,1.068000000000000000e+03
9.374204000000000000e+06,1.085000000000000000e+03
9.375140000000000000e+06,1.078000000000000000e+03
9.376076000000000000e+06,1.071000000000000000e+03
9.377012000000000000e+06,1.048000000000000000e+03
9.377944000000000000e+06,1.043000000000000000e+03
9.378880000000000000e+06,1.058000000000000000e+03
9.379816000000000000e+06,1.089000000000000000e+03
9.380752000000000000e+06,1.051000000000000000e+03
9.381684000000000000e+06,1.053000000000000000e+03
9.382620000000000000e+06,1.058000000000000000e+03
9.383556000000000000e+06,1.030000000000000000e+03
9.384492000000000000e+06,1.035000000000000000e+03
9.385424000000000000e+06,1.035000000000000000e+03
9.386360000000000000e+06,1.065000000000000000e+03
9.387296000000000000e+06,1.089000000000000000e+03
9.388232000000000000e+06,1.069000000000000000e+03
9.389164000000000000e+06,1.036000000000000000e+03
9.390100000000000000e+06,1.051000000000000000e+03
9.391036000000000000e+06,1.083000000000000000e+03
9.391972000000000000e+06,1.090000000000000000e+03
9.392904000000000000e+06,1.101000000000000000e+03
9.393840000000000000e+06,1.075000000000000000e+03
9.394776000000000000e+06,1.075000000000000000e+03
9.395712000000000000e+06,1.077000000000000000e+03
9.396644000000000000e+06,1.062000000000000000e+03
9.397580000000000000e+06,1.057000000000000000e+03
9.398516000000000000e+06,1.046000000000000000e+03
9.399452000000000000e+06,1.082000000000000000e+03
9.400384000000000000e+06,1.038000000000000000e+03
9.401320000000000000e+06,1.050000000000000000e+03
9.402256000000000000e+06,1.080000000000000000e+03
9.403192000000000000e+06,1.065000000000000000e+03
9.404124000000000000e+06,1.035000000000000000e+03
9.405060000000000000e+06,1.083000000000000000e+03
9.405996000000000000e+06,1.038000000000000000e+03
9.406932000000000000e+06,1.040000000000000000e+03
9.407864000000000000e+06,1.085000000000000000e+03
9.408800000000000000e+06,1.037000000000000000e+03
9.409736000000000000e+06,1.084000000000000000e+03
9.410672000000000000e+06,1.085000000000000000e+03
9.411604000000000000e+06,1.086000000000000000e+03
9.412540000000000000e+06,1.015000000000000000e+03
9.413476000000000000e+06,1.041000000000000000e+03
9.414412000000000000e+06,1.034000000000000000e+03
9.415344000000000000e+06,1.040000000000000000e+03
9.416280000000000000e+06,1.056000000000000000e+03
9.417216000000000000e+06,1.064000000000000000e+03
9.418152000000000000e+06,1.069000000000000000e+03
9.419084000000000000e+06,1.066000000000000000e+03
9.420020000000000000e+06,1.061000000000000000e+03
9.420956000000000000e+06,1.071000000000000000e+03
9.421892000000000000e+06,1.026000000000000000e+03
9.422824000000000000e+06,1.105000000000000000e+03
9.423760000000000000e+06,1.081000000000000000e+03
9.424696000000000000e+06,1.064000000000000000e+03
9.425632000000000000e+06,1.083000000000000000e+03
9.426564000000000000e+06,1.038000000000000000e+03
9.427500000000000000e+06,1.054000000000000000e+03
9.428436000000000000e+06,1.082000000000000000e+03
9.429372000000000000e+06,1.040000000000000000e+03
9.430304000000000000e+06,1.062000000000000000e+03
9.431240000000000000e+06,1.065000000000000000e+03
9.432176000000000000e+06,1.081000000000000000e+03
9.433112000000000000e+06,1.046000000000000000e+03
9.434044000000000000e+06,1.044000000000000000e+03
9.434980000000000000e+06,1.058000000000000000e+03
9.435916000000000000e+06,1.069000000000000000e+03
9.436852000000000000e+06,1.076000000000000000e+03
9.437784000000000000e+06,1.058000000000000000e+03
9.438720000000000000e+06,1.041000000000000000e+03
9.439656000000000000e+06,1.073000000000000000e+03
9.440592000000000000e+06,1.069000000000000000e+03
9.441524000000000000e+06,1.036000000000000000e+03
9.442460000000000000e+06,1.051000000000000000e+03
9.443396000000000000e+06,1.091000000000000000e+03
9.444332000000000000e+06,1.069000000000000000e+03
9.445264000000000000e+06,1.058000000000000000e+03
9.446200000000000000e+06,1.038000000000000000e+03
9.447136000000000000e+06,1.038000000000000000e+03
9.448072000000000000e+06,1.076000000000000000e+03
9.449004000000000000e+06,1.050000000000000000e+03
9.449940000000000000e+06,1.040000000000000000e+03
9.450876000000000000e+06,1.066000000000000000e+03
9.451812000000000000e+06,1.070000000000000000e+03
9.452744000000000000e+06,1.034000000000000000e+03
9.453680000000000000e+06,1.033000000000000000e+03
9.454616000000000000e+06,1.031000000000000000e+03
9.455552000000000000e+06,1.066000000000000000e+03
9.456484000000000000e+06,1.069000000000000000e+03
9.457420000000000000e+06,1.069000000000000000e+03
9.458356000000000000e+06,1.043000000000000000e+03
9.459292000000000000e+06,1.061000000000000000e+03
9.460224000000000000e+06,1.059000000000000000e+03
9.461160000000000000e+06,1.068000000000000000e+03
9.462096000000000000e+06,1.052000000000000000e+03
9.463032000000000000e+06,1.030000000000000000e+03
9.463964000000000000e+06,1.068000000000000000e+03
9.464900000000000000e+06,1.040000000000000000e+03
9.465836000000000000e+06,1.045000000000000000e+03
9.466772000000000000e+06,1.068000000000000000e+03
9.467704000000000000e+06,1.049000000000000000e+03
9.468640000000000000e+06,1.066000000000000000e+03
9.469576000000000000e+06,1.053000000000000000e+03
9.470512000000000000e+06,1.064000000000000000e+03
9.471444000000000000e+06,1.050000000000000000e+03
9.472380000000000000e+06,1.100000000000000000e+03
9.473316000000000000e+06,1.083000000000000000e+03
9.474252000000000000e+06,1.076000000000000000e+03
9.475184000000000000e+06,1.058000000000000000e+03
9.476120000000000000e+06,1.042000000000000000e+03
9.477056000000000000e+06,1.070000000000000000e+03
9.477992000000000000e+06,1.082000000000000000e+03
9.478924000000000000e+06,1.053000000000000000e+03
9.479860000000000000e+06,1.050000000000000000e+03
9.480796000000000000e+06,1.072000000000000000e+03
9.481732000000000000e+06,1.070000000000000000e+03
9.482664000000000000e+06,1.016000000000000000e+03
9.483600000000000000e+06,1.053000000000000000e+03
9.484536000000000000e+06,1.037000000000000000e+03
9.485472000000000000e+06,1.076000000000000000e+03
9.486404000000000000e+06,1.075000000000000000e+03
9.487340000000000000e+06,1.063000000000000000e+03
9.488276000000000000e+06,1.077000000000000000e+03
9.489212000000000000e+06,1.041000000000000000e+03
9.490144000000000000e+06,1.083000000000000000e+03
9.491080000000000000e+06,1.038000000000000000e+03
9.492016000000000000e+06,1.092000000000000000e+03
9.492952000000000000e+06,1.064000000000000000e+03
9.493884000000000000e+06,1.088000000000000000e+03
9.494820000000000000e+06,1.045000000000000000e+03
9.495756000000000000e+06,1.082000000000000000e+03
9.496692000000000000e+06,1.070000000000000000e+03
9.497624000000000000e+06,1.051000000000000000e+03
9.498560000000000000e+06,1.081000000000000000e+03
9.499496000000000000e+06,1.037000000000000000e+03
9.500432000000000000e+06,1.050000000000000000e+03
9.501364000000000000e+06,1.072000000000000000e+03
9.502300000000000000e+06,1.088000000000000000e+03
9.503236000000000000e+06,1.074000000000000000e+03
9.504172000000000000e+06,1.052000000000000000e+03
9.505104000000000000e+06,1.050000000000000000e+03
9.506040000000000000e+06,1.033000000000000000e+03
9.506976000000000000e+06,1.050000000000000000e+03
9.507912000000000000e+06,1.082000000000000000e+03
9.508844000000000000e+06,1.064000000000000000e+03
9.509780000000000000e+06,1.038000000000000000e+03
9.510716000000000000e+06,1.083000000000000000e+03
9.511652000000000000e+06,1.046000000000000000e+03
9.512584000000000000e+06,1.069000000000000000e+03
9.513520000000000000e+06,1.035000000000000000e+03
9.514456000000000000e+06,1.033000000000000000e+03
9.515392000000000000e+06,1.084000000000000000e+03
9.516324000000000000e+06,1.065000000000000000e+03
9.517260000000000000e+06,1.055000000000000000e+03
9.518196000000000000e+06,1.043000000000000000e+03
9.519132000000000000e+06,1.080000000000000000e+03
9.520064000000000000e+06,1.086000000000000000e+03
9.521000000000000000e+06,1.065000000000000000e+03
9.521936000000000000e+06,1.073000000000000000e+03
9.522872000000000000e+06,1.096000000000000000e+03
9.523804000000000000e+06,1.098000000000000000e+03
9.524740000000000000e+06,1.050000000000000000e+03
9.525676000000000000e+06,1.043000000000000000e+03
9.526612000000000000e+06,1.039000000000000000e+03
9.527544000000000000e+06,1.052000000000000000e+03
9.528480000000000000e+06,1.049000000000000000e+03
9.529416000000000000e+06,1.061000000000000000e+03
9.530352000000000000e+06,1.048000000000000000e+03
9.531284000000000000e+06,1.067000000000000000e+03
9.532220000000000000e+06,1.031000000000000000e+03
9.533156000000000000e+06,1.059000000000000000e+03
9.534092000000000000e+06,1.084000000000000000e+03
9.535024000000000000e+06,1.043000000000000000e+03
9.535960000000000000e+06,1.047000000000000000e+03
9.536896000000000000e+06,1.074000000000000000e+03
9.537832000000000000e+06,1.082000000000000000e+03
9.538764000000000000e+06,1.057000000000000000e+03
9.539700000000000000e+06,1.079000000000000000e+03
9.540636000000000000e+06,1.065000000000000000e+03
9.541572000000000000e+06,1.090000000000000000e+03
9.542504000000000000e+06,1.031000000000000000e+03
9.543440000000000000e+06,1.065000000000000000e+03
9.544376000000000000e+06,1.059000000000000000e+03
9.545312000000000000e+06,1.042000000000000000e+03
9.546244000000000000e+06,1.053000000000000000e+03
9.547180000000000000e+06,1.079000000000000000e+03
9.548116000000000000e+06,1.078000000000000000e+03
9.549052000000000000e+06,1.049000000000000000e+03
9.549984000000000000e+06,1.065000000000000000e+03
9.550920000000000000e+06,1.084000000000000000e+03
9.551856000000000000e+06,1.050000000000000000e+03
9.552792000000000000e+06,1.044000000000000000e+03
9.553724000000000000e+06,1.094000000000000000e+03
9.554660000000000000e+06,1.031000000000000000e+03
9.555596000000000000e+06,1.060000000000000000e+03
9.556532000000000000e+06,1.069000000000000000e+03
9.557464000000000000e+06,1.042000000000000000e+03
9.558400000000000000e+06,1.083000000000000000e+03
9.559336000000000000e+06,1.084000000000000000e+03
9.560272000000000000e+06,1.082000000000000000e+03
9.561204000000000000e+06,1.082000000000000000e+03
9.562140000000000000e+06,1.098000000000000000e+03
9.563076000000000000e+06,1.051000000000000000e+03
9.564012000000000000e+06,1.033000000000000000e+03
9.564944000000000000e+06,1.039000000000000000e+03
9.565880000000000000e+06,1.082000000000000000e+03
9.566816000000000000e+06,1.084000000000000000e+03
9.567752000000000000e+06,1.073000000000000000e+03
9.568684000000000000e+06,1.052000000000000000e+03
9.569620000000000000e+06,1.043000000000000000e+03
9.570556000000000000e+06,1.043000000000000000e+03
9.571492000000000000e+06,1.037000000000000000e+03
9.572424000000000000e+06,1.025000000000000000e+03
9.573360000000000000e+06,1.051000000000000000e+03
9.574296000000000000e+06,1.054000000000000000e+03
9.575232000000000000e+06,1.086000000000000000e+03
9.576164000000000000e+06,1.071000000000000000e+03
9.577100000000000000e+06,1.050000000000000000e+03
9.578036000000000000e+06,1.052000000000000000e+03
9.578972000000000000e+06,1.075000000000000000e+03
9.579904000000000000e+06,1.063000000000000000e+03
